63	34	187	
36	48	221	
26	45	57	
13	60	266	
30	63	52	
67	10	11	
75	24	137	
70	5	210	
31	52	79	
41	56	297	
47	29	86	
36	26	230	
44	12	250	
23	27	222	
54	13	123	
9	56	3	
18	66	108	
38	53	150	
44	8	166	
63	25	212	
45	26	132	
15	37	230	
21	41	289	
35	60	268	
16	62	294	
55	25	129	
38	37	234	
1	94	244	
1	94	130	
82	13	120	
8	48	48	
61	19	279	
51	42	86	
34	45	189	
77	15	62	
80	18	118	
17	61	20	
2	70	234	
11	46	22	
86	14	279	
22	31	85	
18	43	184	
32	47	221	
25	55	95	
69	29	65	
11	64	59	
73	13	83	
32	46	25	
17	48	258	
43	52	157	
31	39	117	
74	10	145	
42	33	124	
28	50	167	
50	17	31	
56	22	108	
19	64	188	
35	63	290	
32	16	22	
25	66	260	
78	17	144	
33	64	162	
13	82	120	
60	36	95	
24	54	247	
81	6	289	
55	17	179	
36	62	186	
23	51	148	
65	20	71	
59	33	211	
87	11	253	
7	70	125	
37	55	106	
59	24	107	
17	61	199	
52	12	26	
25	57	54	
12	38	106	
13	85	274	
17	33	272	
43	45	265	
11	81	22	
36	55	44	
30	33	12	
63	20	244	
25	49	204	
42	54	75	
54	17	212	
33	18	46	
60	17	52	
25	68	160	
4	73	270	
59	24	36	
15	45	154	
44	39	126	
47	22	75	
80	6	176	
35	38	117	
48	18	88	
29	38	127	
61	21	9	
54	19	293	
51	34	155	
1	54	180	
48	9	177	
18	66	91	
73	23	156	
42	22	170	
28	32	91	
26	39	201	
4	83	278	
32	54	230	
21	66	236	
13	46	17	
39	55	97	
24	50	231	
20	55	184	
18	66	115	
52	23	52	
59	5	212	
32	15	86	
55	35	217	
60	29	112	
7	80	182	
59	18	281	
10	58	157	
66	22	167	
44	40	80	
6	85	200	
17	63	237	
16	67	58	
73	15	78	
21	69	28	
27	68	216	
5	94	85	
71	22	237	
37	26	208	
22	66	286	
34	36	60	
60	7	5	
49	20	284	
2	92	201	
12	38	136	
42	17	275	
37	15	162	
20	63	63	
4	90	153	
7	44	286	
24	67	166	
5	82	236	
50	18	243	
40	48	206	
54	16	172	
28	62	148	
32	53	288	
70	16	5	
27	72	88	
73	11	81	
21	42	229	
56	9	200	
79	17	292	
5	45	100	
75	12	150	
24	74	44	
67	21	169	
32	32	271	
24	56	271	
1	51	63	
38	33	23	
26	19	93	
39	46	5	
6	51	213	
57	11	104	
19	73	63	
51	35	55	
9	58	251	
11	58	272	
3	78	73	
5	92	93	
17	44	76	
36	9	156	
75	20	104	
44	19	147	
17	81	164	
70	22	127	
38	23	95	
45	6	29	
42	49	119	
13	81	187	
59	9	92	
16	65	77	
27	26	282	
47	23	47	
42	27	45	
26	70	211	
15	81	77	
16	30	161	
72	11	281	
45	51	92	
36	20	62	
46	44	277	
44	36	40	
87	11	204	
16	52	170	
5	55	45	
25	47	113	
60	5	229	
6	43	289	
74	22	70	
6	77	148	
8	37	210	
38	43	296	
41	52	195	
37	17	93	
44	11	296	
41	50	261	
25	35	227	
2	92	27	
69	11	249	
31	61	269	
44	45	2	
14	34	291	
17	65	252	
61	11	162	
78	19	6	
7	67	297	
22	31	193	
38	24	107	
36	31	98	
42	27	223	
54	27	264	
39	25	245	
49	8	169	
21	67	2	
8	73	6	
55	42	117	
70	7	244	
54	11	296	
13	51	264	
92	8	299	
37	27	100	
83	13	199	
50	41	105	
54	21	180	
25	37	103	
35	21	139	
8	44	237	
19	57	138	
12	61	152	
23	52	205	
47	34	158	
36	53	116	
78	9	4	
59	9	275	
1	96	136	
43	27	39	
12	72	101	
10	74	125	
38	20	251	
25	71	273	
13	40	135	
75	6	184	
33	47	113	
62	11	109	
8	85	243	
12	81	138	
51	32	285	
68	18	67	
45	34	67	
5	87	283	
22	64	64	
27	67	2	
56	26	288	
47	51	24	
1	64	79	
43	19	11	
89	6	269	
39	55	4	
22	73	152	
16	69	201	
34	20	208	
39	20	42	
65	16	283	
5	44	264	
42	39	80	
29	52	264	
46	9	259	
27	64	268	
19	42	215	
50	40	293	
19	67	231	
71	8	293	
40	27	263	
15	64	132	
46	9	51	
4	46	129	
46	36	217	
43	5	89	
33	31	247	
12	42	99	
21	48	3	
35	47	34	
66	32	271	
35	63	11	
41	14	270	
44	24	193	
17	81	189	
5	44	171	
35	64	268	
6	87	67	
88	11	206	
64	21	45	
22	59	292	
51	16	270	
10	35	245	
47	19	290	
9	65	195	
26	45	271	
57	12	138	
86	10	216	
14	38	129	
10	57	84	
25	51	118	
41	42	164	
4	55	110	
23	70	108	
34	31	174	
25	63	106	
30	48	20	
64	28	232	
92	7	194	
11	79	164	
64	25	82	
28	18	49	
47	47	231	
70	28	182	
18	49	88	
47	22	278	
53	16	240	
78	15	56	
62	6	90	
12	51	40	
10	38	85	
35	39	151	
1	51	216	
26	38	112	
11	56	20	
17	36	91	
26	21	299	
15	30	153	
45	33	20	
78	21	3	
17	75	202	
29	53	245	
6	71	167	
52	10	187	
57	27	175	
42	53	210	
35	34	173	
4	64	39	
26	55	187	
30	19	214	
14	69	201	
12	49	157	
50	14	129	
22	39	124	
2	76	197	
67	21	155	
18	58	134	
23	57	245	
34	45	102	
19	75	155	
23	49	122	
24	44	282	
74	9	3	
46	18	164	
29	34	167	
70	28	178	
43	38	239	
5	72	216	
48	29	128	
40	38	66	
50	48	291	
51	37	212	
28	28	276	
82	9	117	
77	6	185	
66	11	165	
21	61	287	
11	51	106	
25	42	281	
26	71	13	
9	85	287	
32	47	40	
46	35	10	
47	44	52	
29	27	297	
43	7	166	
6	93	276	
27	39	148	
23	70	3	
72	9	116	
10	59	185	
15	37	32	
30	30	19	
30	41	218	
12	87	91	
77	14	22	
79	10	295	
56	8	174	
25	39	244	
23	46	232	
90	6	265	
12	66	51	
65	24	140	
18	53	150	
11	88	195	
47	42	177	
29	30	194	
39	56	271	
42	50	110	
89	5	122	
11	45	47	
83	5	123	
30	31	117	
19	28	4	
28	61	233	
7	55	185	
19	71	67	
35	47	186	
13	60	152	
32	58	243	
52	25	132	
35	51	78	
9	71	60	
4	77	256	
72	9	149	
12	33	201	
25	33	146	
73	10	113	
42	12	219	
42	29	200	
17	63	147	
24	47	190	
29	62	10	
27	64	187	
2	87	27	
42	37	76	
18	31	15	
19	64	264	
15	79	219	
19	37	118	
25	74	136	
7	52	282	
86	8	175	
17	49	233	
10	70	192	
34	58	95	
43	30	7	
58	40	88	
41	27	141	
47	32	140	
30	17	115	
22	62	276	
37	11	250	
17	65	242	
50	33	42	
5	90	154	
1	76	6	
74	5	52	
22	75	122	
61	30	36	
25	34	128	
55	26	186	
29	70	6	
50	20	23	
30	17	139	
31	39	32	
67	32	273	
39	40	250	
1	66	196	
10	64	225	
21	45	184	
36	63	43	
3	47	276	
42	13	101	
39	24	122	
58	35	218	
10	61	51	
54	24	219	
81	12	67	
41	9	124	
56	36	54	
17	52	96	
4	91	21	
45	28	172	
17	80	220	
19	51	241	
3	91	148	
5	42	300	
59	28	228	
19	26	38	
67	18	76	
63	11	13	
28	59	235	
42	34	98	
74	7	63	
46	18	204	
61	20	91	
66	31	118	
6	67	122	
21	60	205	
32	45	220	
62	33	35	
20	33	115	
64	34	153	
31	50	219	
44	40	195	
7	41	174	
59	14	76	
51	27	134	
3	86	220	
64	22	203	
2	46	108	
7	85	277	
30	56	250	
71	22	277	
40	30	297	
9	84	33	
12	38	189	
39	16	27	
86	13	160	
32	42	18	
52	15	188	
34	52	189	
22	55	20	
7	53	224	
54	23	24	
15	75	20	
5	89	95	
76	6	295	
24	29	150	
78	21	132	
32	42	278	
18	61	130	
28	24	152	
57	23	91	
77	13	156	
14	82	259	
2	47	209	
47	12	48	
15	61	127	
61	35	97	
39	43	185	
13	42	23	
34	35	235	
53	34	28	
46	25	132	
66	9	245	
19	57	169	
27	45	273	
65	19	159	
68	14	49	
56	21	112	
59	17	53	
15	53	200	
20	54	179	
79	15	204	
31	47	275	
24	38	160	
76	19	65	
11	63	62	
16	67	269	
21	37	143	
63	31	178	
58	17	296	
5	53	203	
21	29	235	
88	6	21	
22	32	8	
2	75	282	
54	14	18	
4	63	115	
10	63	162	
26	72	12	
49	15	6	
1	70	264	
59	23	259	
61	35	215	
64	6	73	
15	61	100	
6	70	266	
36	47	78	
20	32	16	
7	64	136	
14	68	239	
13	72	5	
39	60	133	
49	25	34	
65	28	50	
1	57	176	
20	55	26	
36	13	242	
11	82	232	
45	13	87	
71	18	45	
9	77	5	
12	43	8	
11	74	211	
35	37	4	
28	62	41	
62	20	57	
9	37	178	
2	90	111	
15	68	45	
9	80	17	
12	82	290	
1	94	142	
74	19	255	
17	71	103	
44	42	64	
42	21	110	
6	89	271	
44	33	147	
21	57	39	
72	16	12	
56	29	276	
2	70	72	
42	23	173	
26	25	297	
69	16	87	
13	49	191	
31	60	101	
86	13	128	
20	50	217	
7	76	55	
3	96	172	
14	32	239	
28	53	110	
47	50	293	
72	27	194	
44	50	57	
12	86	32	
45	13	156	
40	19	15	
32	56	77	
32	41	245	
83	7	287	
56	30	159	
41	11	109	
41	12	239	
14	37	26	
43	13	275	
35	15	278	
40	28	205	
33	38	79	
25	43	7	
32	55	161	
2	82	200	
1	90	141	
83	5	170	
37	21	289	
7	82	13	
91	6	116	
36	35	97	
1	51	206	
41	5	120	
45	47	97	
62	10	233	
76	5	282	
47	29	1	
13	53	278	
41	10	290	
30	59	284	
15	49	103	
53	19	249	
85	5	241	
39	60	287	
41	20	156	
13	84	263	
73	20	266	
41	34	163	
13	48	16	
56	30	213	
50	18	260	
16	39	23	
14	57	266	
70	22	276	
27	71	14	
80	10	106	
10	72	49	
82	9	97	
17	43	203	
51	8	26	
2	65	275	
23	57	57	
16	54	46	
45	41	80	
76	7	234	
33	52	195	
34	51	74	
59	24	253	
43	9	139	
3	96	27	
10	48	141	
9	60	206	
76	23	239	
48	43	91	
5	57	112	
26	57	244	
38	22	193	
76	8	278	
3	44	239	
75	20	262	
16	30	161	
38	58	76	
4	93	131	
11	65	192	
45	37	256	
19	29	164	
16	44	204	
46	13	257	
68	13	117	
2	63	5	
68	14	241	
23	76	95	
76	17	190	
46	21	135	
41	51	90	
7	58	213	
11	58	288	
15	49	165	
70	9	126	
21	30	78	
4	66	159	
20	34	43	
56	25	108	
28	32	285	
69	19	62	
24	54	282	
38	47	268	
4	56	150	
19	60	193	
14	83	279	
8	79	217	
54	14	90	
21	57	207	
29	16	195	
31	35	39	
1	88	55	
34	41	220	
3	67	224	
28	70	174	
24	26	102	
9	64	209	
1	51	161	
34	27	84	
31	43	61	
14	62	185	
36	63	69	
20	51	291	
36	60	83	
37	49	240	
7	50	32	
34	60	92	
59	35	216	
74	23	146	
6	78	76	
20	59	196	
73	15	108	
50	37	184	
4	54	129	
58	10	239	
65	16	259	
30	44	270	
70	5	262	
22	28	68	
54	19	280	
11	38	188	
33	19	54	
45	43	70	
33	33	123	
6	71	191	
10	56	122	
10	73	1	
26	20	58	
53	24	108	
90	9	149	
39	60	108	
46	31	129	
33	59	70	
20	37	11	
18	50	6	
43	36	230	
69	28	152	
21	43	179	
39	55	294	
34	65	59	
3	67	64	
18	58	288	
34	64	194	
39	12	122	
5	86	9	
23	43	62	
39	6	147	
78	13	185	
32	64	176	
49	25	278	
35	50	189	
52	29	189	
80	18	84	
52	41	90	
49	19	240	
61	9	135	
79	16	87	
21	58	150	
52	44	198	
90	6	179	
19	41	193	
14	81	29	
21	34	202	
65	23	141	
16	65	278	
19	48	294	
67	9	231	
56	18	176	
62	5	184	
54	14	87	
3	88	134	
3	57	153	
6	70	119	
76	7	50	
78	20	40	
62	20	31	
32	32	167	
41	38	11	
43	34	156	
20	41	90	
73	22	18	
4	88	117	
39	37	143	
31	38	246	
30	50	169	
70	22	131	
27	36	187	
69	18	209	
6	57	296	
38	7	258	
56	7	83	
64	35	165	
5	41	145	
24	51	5	
68	19	255	
7	67	299	
22	76	44	
4	73	294	
18	57	72	
36	39	185	
26	65	4	
2	45	150	
61	28	83	
44	19	86	
56	10	209	
18	74	64	
17	80	134	
28	22	82	
46	29	200	
40	30	258	
83	6	258	
45	43	182	
56	39	236	
75	10	42	
24	31	234	
44	36	176	
5	73	21	
3	80	252	
30	63	21	
74	13	76	
25	73	229	
37	18	244	
48	41	202	
65	7	143	
45	37	198	
43	30	126	
39	6	207	
72	24	248	
17	63	4	
4	81	253	
77	10	150	
69	21	134	
2	59	213	
20	76	43	
27	47	215	
31	51	136	
70	19	266	
48	29	153	
28	39	89	
29	62	148	
26	24	242	
25	37	259	
64	30	70	
76	20	278	
31	45	79	
37	22	220	
49	20	106	
80	6	75	
59	9	95	
44	24	24	
66	31	73	
41	45	213	
9	55	160	
58	10	75	
52	9	129	
14	75	110	
38	57	100	
63	29	215	
53	43	258	
24	69	226	
36	48	201	
10	62	188	
46	39	96	
22	32	116	
39	55	245	
36	21	239	
78	5	136	
16	51	97	
19	34	114	
16	40	284	
10	43	268	
77	14	22	
53	33	296	
22	76	140	
49	46	107	
57	32	297	
5	91	106	
7	73	74	
84	14	32	
26	66	147	
58	25	269	
36	43	130	
42	33	229	
56	20	265	
76	7	229	
24	23	182	
79	16	97	
73	7	93	
70	25	153	
38	27	220	
51	21	196	
15	39	54	
26	62	271	
31	67	168	
56	21	283	
49	17	165	
66	32	219	
3	64	5	
39	27	256	
37	11	119	
67	23	233	
31	67	245	
6	49	87	
91	8	152	
20	65	276	
45	11	185	
32	52	37	
13	37	113	
55	32	292	
21	73	41	
80	9	260	
60	26	127	
27	57	154	
13	78	146	
38	18	251	
33	21	234	
63	7	69	
9	39	8	
85	13	145	
33	15	101	
3	42	160	
37	51	22	
55	30	46	
56	10	283	
17	30	67	
47	42	276	
60	39	192	
25	55	34	
78	17	246	
11	34	200	
25	73	211	
74	8	41	
28	37	153	
17	30	225	
62	21	285	
36	32	206	
15	69	203	
28	69	90	
88	10	197	
8	76	176	
36	13	150	
17	50	280	
8	47	92	
42	19	187	
44	47	160	
27	31	78	
51	35	290	
30	23	284	
51	13	81	
34	56	88	
58	40	93	
74	14	222	
49	10	127	
57	15	246	
35	15	75	
12	77	292	
23	63	37	
49	18	28	
51	9	61	
50	33	73	
16	51	81	
3	63	225	
22	28	137	
48	45	67	
30	17	24	
1	96	134	
21	73	292	
74	23	150	
5	49	244	
37	27	141	
64	10	38	
3	78	121	
27	45	299	
79	17	21	
18	55	246	
17	77	149	
40	42	93	
24	27	17	
7	47	84	
25	53	79	
79	6	213	
21	67	14	
7	77	234	
4	51	234	
56	42	230	
40	35	99	
21	24	168	
16	38	34	
31	24	111	
66	31	290	
69	30	86	
57	27	135	
2	64	164	
40	29	185	
23	27	128	
9	56	134	
13	38	183	
24	31	196	
5	77	165	
4	42	300	
3	57	177	
48	38	36	
22	44	272	
67	8	158	
4	81	150	
13	63	244	
7	56	67	
72	13	141	
33	61	165	
3	72	98	
82	11	116	
56	21	81	
17	60	264	
79	13	283	
43	18	195	
89	6	189	
10	64	109	
8	65	9	
27	35	82	
47	19	256	
63	17	225	
40	18	150	
12	37	265	
60	7	59	
63	22	233	
42	15	75	
1	46	65	
1	90	31	
7	85	172	
27	41	53	
45	36	32	
7	42	258	
27	29	24	
43	43	17	
44	32	143	
28	58	124	
49	16	284	
15	81	182	
37	16	75	
47	25	273	
14	50	253	
52	11	224	
7	50	56	
33	17	157	
38	47	276	
40	46	160	
3	57	179	
61	18	202	
14	41	256	
50	15	284	
32	26	11	
34	65	62	
27	49	300	
47	22	250	
50	30	139	
55	36	223	
66	16	104	
27	49	39	
52	20	36	
44	14	147	
76	19	163	
13	79	138	
6	78	34	
13	54	247	
80	7	111	
43	17	101	
22	54	198	
14	58	48	
14	81	202	
22	51	33	
24	63	28	
88	6	249	
41	30	144	
39	21	255	
73	24	184	
10	50	233	
60	15	256	
10	70	110	
61	34	255	
53	24	86	
27	67	227	
15	74	35	
29	41	27	
36	14	84	
87	10	254	
9	38	49	
10	49	255	
37	38	128	
30	31	159	
38	41	207	
9	64	288	
9	43	91	
19	75	255	
42	52	63	
20	34	182	
17	60	42	
3	90	232	
6	52	155	
28	64	11	
20	78	257	
90	8	299	
9	80	108	
26	60	146	
68	9	174	
28	64	250	
28	46	279	
1	70	266	
37	15	28	
74	17	112	
30	20	270	
62	13	57	
76	5	257	
9	66	97	
47	18	99	
72	13	214	
8	84	77	
33	22	279	
84	14	28	
22	34	201	
33	58	4	
57	41	43	
47	17	31	
57	21	99	
33	25	182	
37	9	142	
56	17	28	
62	9	244	
10	80	248	
54	32	217	
4	78	66	
43	30	90	
39	26	48	
94	5	228	
47	32	269	
8	46	151	
25	55	154	
44	22	237	
28	41	213	
17	42	26	
15	30	97	
26	31	192	
62	24	175	
16	76	259	
28	68	292	
50	18	227	
1	89	141	
67	29	195	
21	56	65	
66	30	269	
20	65	94	
2	92	39	
39	53	114	
53	43	248	
30	61	242	
12	81	272	
23	22	155	
28	32	187	
10	67	160	
54	13	136	
38	47	62	
66	12	250	
63	7	154	
49	39	76	
24	38	296	
36	23	269	
82	14	167	
34	45	200	
4	83	82	
14	45	50	
30	49	278	
31	27	81	
53	46	131	
24	40	33	
12	57	282	
13	43	169	
31	37	154	
37	45	158	
24	31	279	
39	46	109	
18	29	190	
60	38	151	
35	50	81	
38	25	124	
28	35	251	
33	54	120	
51	12	191	
35	12	267	
11	44	154	
38	23	182	
33	22	120	
11	38	92	
35	12	160	
27	64	163	
11	64	170	
36	34	107	
1	75	281	
28	18	59	
65	24	73	
25	58	143	
14	60	8	
32	38	116	
26	71	175	
25	50	63	
9	37	100	
36	59	98	
7	89	93	
3	42	85	
58	8	220	
18	61	187	
55	10	274	
48	27	39	
74	19	148	
1	92	233	
37	51	71	
44	8	155	
12	61	107	
31	34	118	
26	30	190	
11	67	89	
52	12	291	
6	66	118	
33	38	14	
31	24	275	
9	52	29	
56	18	116	
7	77	282	
30	31	164	
37	62	42	
24	42	153	
56	5	29	
2	70	81	
33	19	78	
23	66	44	
15	42	103	
36	33	231	
44	30	266	
13	40	281	
65	6	238	
26	49	193	
12	51	27	
37	55	44	
28	47	80	
15	31	94	
47	14	293	
36	34	142	
10	87	51	
50	9	267	
11	45	74	
72	18	132	
3	64	141	
71	19	225	
13	73	252	
21	29	229	
6	55	294	
47	35	37	
50	28	198	
39	60	29	
18	60	248	
45	29	133	
13	85	172	
32	29	294	
17	29	192	
85	5	28	
50	19	156	
40	31	147	
9	44	126	
32	41	96	
6	41	94	
39	14	239	
60	17	131	
12	72	240	
58	11	257	
62	33	241	
21	36	256	
86	5	298	
51	13	86	
20	65	48	
22	61	213	
1	44	55	
27	57	37	
80	12	125	
27	65	20	
27	42	149	
33	60	289	
49	50	220	
63	12	35	
71	6	84	
3	73	175	
74	15	241	
8	76	116	
30	40	67	
26	39	212	
48	47	71	
51	45	272	
49	29	75	
10	69	177	
42	17	47	
47	17	93	
19	68	277	
68	25	251	
35	51	133	
24	55	22	
24	35	193	
63	17	235	
75	12	58	
73	23	258	
17	70	200	
28	22	249	
76	15	83	
35	43	120	
29	34	87	
87	6	23	
41	40	277	
54	35	215	
15	59	30	
31	16	190	
14	35	18	
47	42	38	
79	12	267	
73	17	32	
30	20	106	
1	98	260	
40	28	121	
33	54	267	
34	33	157	
78	9	184	
21	74	110	
23	59	98	
80	6	127	
2	96	102	
15	45	76	
17	34	269	
89	9	82	
13	80	256	
16	59	130	
29	42	287	
29	65	190	
5	45	155	
39	52	97	
50	41	86	
6	43	137	
38	43	36	
82	17	154	
36	51	254	
56	30	15	
53	32	236	
12	72	163	
29	55	155	
47	52	117	
21	30	54	
27	54	169	
84	6	58	
50	46	159	
12	69	167	
41	15	269	
34	62	39	
43	14	2	
40	36	110	
34	44	293	
41	11	170	
10	89	18	
62	7	174	
46	41	116	
11	68	25	
85	9	98	
30	62	197	
27	30	146	
48	39	136	
35	43	294	
38	30	210	
33	38	122	
29	25	193	
36	36	287	
38	33	164	
20	73	16	
18	61	59	
3	53	120	
35	61	111	
45	11	74	
11	44	35	
23	28	121	
12	82	124	
10	73	61	
36	44	270	
1	67	283	
32	54	37	
57	7	71	
49	18	47	
60	39	10	
55	17	157	
34	13	171	
25	56	152	
14	70	75	
61	16	280	
13	66	126	
19	35	274	
48	27	94	
33	62	55	
24	32	239	
55	41	226	
42	52	6	
74	14	70	
3	56	100	
40	41	59	
71	15	201	
21	37	13	
2	53	11	
6	45	137	
40	36	173	
51	41	124	
42	40	278	
77	14	258	
54	7	6	
7	57	188	
27	55	267	
49	7	239	
38	30	26	
11	70	134	
44	19	214	
52	45	225	
11	67	72	
46	12	139	
4	91	235	
2	82	157	
14	77	139	
29	36	248	
53	27	32	
7	74	257	
38	55	261	
56	20	44	
45	26	89	
72	19	202	
39	46	160	
2	96	289	
44	29	276	
61	5	109	
26	25	224	
37	28	97	
47	41	206	
57	35	126	
32	64	187	
39	9	261	
17	40	234	
48	39	286	
8	67	139	
38	11	281	
6	93	52	
37	46	101	
11	61	208	
52	25	265	
69	11	79	
54	31	295	
19	62	124	
11	76	132	
10	88	198	
47	44	65	
56	25	151	
41	16	19	
48	30	157	
29	20	80	
50	31	184	
12	77	22	
67	23	277	
37	44	257	
14	47	175	
52	8	138	
24	36	155	
30	66	83	
78	10	61	
17	68	25	
44	41	291	
54	14	39	
88	9	53	
14	62	132	
19	30	130	
35	43	48	
2	51	175	
24	30	76	
25	63	195	
70	14	15	
28	57	39	
65	9	251	
25	33	163	
3	92	247	
12	62	25	
40	31	103	
35	46	289	
78	12	237	
45	35	14	
33	50	60	
17	80	125	
20	30	228	
2	51	277	
46	12	162	
4	68	256	
46	37	83	
52	43	169	
77	16	282	
39	14	136	
18	63	123	
26	44	248	
56	10	122	
47	46	185	
5	57	113	
63	12	206	
4	57	237	
77	19	138	
72	21	108	
78	15	76	
55	14	2	
62	25	128	
67	24	207	
30	26	171	
10	75	249	
14	64	299	
47	20	212	
10	89	36	
29	64	126	
9	40	53	
18	43	200	
21	73	200	
37	9	242	
22	66	173	
37	56	30	
52	24	65	
2	55	176	
54	43	38	
38	23	22	
58	39	72	
34	43	217	
8	43	112	
12	63	288	
29	39	24	
51	8	274	
23	56	119	
15	54	57	
14	79	73	
39	50	184	
77	11	146	
3	79	255	
34	47	6	
19	65	78	
72	5	90	
72	5	129	
1	71	185	
49	16	204	
3	62	225	
74	24	158	
25	46	207	
32	60	208	
51	37	81	
37	35	99	
52	23	188	
50	48	141	
39	12	243	
40	21	296	
25	27	43	
3	84	90	
15	43	232	
19	63	128	
61	7	150	
10	58	173	
9	52	66	
9	57	300	
65	7	256	
24	38	195	
42	51	15	
44	26	239	
66	17	21	
63	15	147	
7	64	20	
36	38	141	
56	17	157	
60	29	171	
44	10	158	
27	48	129	
50	40	185	
60	7	290	
26	38	10	
14	49	62	
61	16	147	
25	30	292	
34	48	212	
55	27	152	
62	22	108	
4	45	266	
60	30	129	
16	45	46	
26	53	94	
19	33	77	
18	74	10	
62	36	140	
39	34	162	
26	37	214	
71	13	211	
37	43	94	
4	45	259	
6	79	275	
71	11	141	
19	44	113	
50	25	298	
42	15	83	
65	15	296	
13	34	65	
64	23	82	
52	39	166	
13	73	87	
27	53	181	
75	22	53	
49	32	40	
28	67	132	
48	13	288	
65	15	265	
16	83	154	
39	12	24	
35	23	288	
40	5	5	
9	44	96	
58	16	232	
69	15	184	
50	39	49	
10	51	61	
63	24	228	
24	66	98	
33	44	213	
37	40	108	
32	49	15	
42	43	25	
62	18	29	
12	33	299	
40	54	283	
15	45	297	
37	10	91	
12	55	136	
9	87	298	
20	32	260	
24	45	47	
63	29	7	
61	10	169	
6	57	78	
41	32	63	
53	9	90	
43	15	26	
17	79	212	
36	10	131	
74	19	70	
35	23	151	
29	16	152	
91	5	17	
3	74	104	
47	42	160	
66	15	30	
3	43	248	
4	63	240	
62	20	129	
37	12	237	
21	78	229	
65	31	9	
87	5	294	
71	21	30	
5	43	129	
2	95	118	
43	15	178	
54	6	124	
64	14	241	
44	26	154	
67	11	9	
1	70	147	
33	34	147	
90	8	14	
11	76	296	
26	40	178	
33	23	181	
56	35	85	
26	46	275	
3	78	72	
40	32	232	
37	15	61	
36	14	41	
49	26	293	
73	11	71	
15	66	100	
50	11	78	
33	20	106	
24	66	186	
6	41	197	
24	57	47	
5	78	137	
15	69	94	
63	22	126	
44	42	137	
6	69	88	
52	20	289	
34	22	44	
30	20	184	
10	69	15	
69	8	106	
20	34	135	
74	8	157	
63	25	193	
4	94	283	
9	77	191	
13	37	60	
28	70	270	
49	12	94	
14	39	284	
39	37	28	
26	43	166	
55	7	186	
12	72	220	
40	42	227	
16	47	83	
89	5	204	
43	21	180	
47	46	227	
25	28	195	
8	51	180	
33	17	192	
60	35	222	
17	45	277	
67	9	189	
29	25	108	
39	35	167	
36	45	115	
28	32	228	
26	44	142	
1	90	14	
23	71	95	
14	58	197	
11	87	276	
1	97	76	
41	16	294	
35	45	242	
8	53	260	
66	26	227	
25	46	278	
10	85	80	
3	52	276	
11	62	259	
43	11	145	
18	63	58	
30	16	244	
72	9	85	
37	11	15	
67	15	256	
9	80	104	
52	14	160	
84	9	32	
3	63	76	
9	42	182	
9	44	33	
13	77	91	
45	34	79	
7	66	3	
13	77	251	
65	8	149	
39	7	267	
56	38	141	
22	28	292	
78	14	158	
34	36	211	
35	19	228	
79	13	57	
60	22	213	
64	7	133	
56	7	257	
17	63	176	
80	18	162	
51	37	126	
50	26	109	
27	51	151	
40	12	108	
34	54	148	
30	24	181	
49	30	229	
32	52	233	
11	59	240	
82	12	199	
76	22	218	
16	33	252	
8	70	279	
17	63	89	
11	47	39	
48	19	113	
8	68	129	
3	91	173	
57	39	253	
53	40	267	
32	34	98	
12	52	136	
62	34	81	
13	68	277	
39	57	215	
13	58	241	
34	38	130	
64	29	84	
24	32	120	
20	25	112	
51	36	98	
32	46	180	
14	61	55	
34	22	239	
55	8	273	
46	35	119	
42	55	70	
11	55	237	
28	27	160	
23	75	178	
67	28	279	
49	18	147	
46	37	46	
54	19	229	
33	63	228	
13	40	230	
33	30	89	
38	34	124	
56	23	151	
37	49	223	
58	19	70	
33	65	33	
64	19	255	
87	11	38	
44	23	230	
1	48	259	
51	5	195	
44	42	76	
45	39	224	
34	47	244	
93	5	288	
12	83	100	
72	23	45	
59	39	88	
10	59	217	
7	89	146	
84	15	177	
12	37	105	
26	22	247	
56	26	300	
7	84	298	
22	42	139	
46	40	109	
36	15	248	
11	80	54	
27	66	126	
34	59	85	
57	24	274	
2	44	13	
55	40	166	
37	49	262	
56	35	280	
81	14	185	
13	86	64	
16	78	58	
49	41	249	
42	46	192	
62	23	150	
62	5	129	
76	8	297	
7	46	144	
41	51	28	
23	72	258	
25	33	171	
54	15	162	
40	16	14	
69	6	296	
7	39	201	
20	25	229	
61	17	275	
1	78	299	
53	10	184	
15	72	104	
34	48	281	
26	35	253	
70	14	92	
19	67	7	
76	17	107	
13	85	72	
36	16	279	
10	45	98	
8	87	232	
38	8	181	
36	45	171	
20	45	117	
39	53	41	
56	22	274	
26	56	86	
14	38	180	
21	26	174	
17	40	121	
54	23	180	
54	10	160	
21	27	122	
1	62	191	
16	34	52	
17	36	259	
16	70	209	
53	39	133	
83	6	209	
34	48	207	
13	36	79	
29	27	32	
44	10	77	
6	48	1	
35	63	292	
3	45	90	
7	51	133	
10	74	185	
62	17	235	
40	37	59	
41	27	254	
51	7	223	
78	18	92	
8	56	277	
21	27	130	
19	57	50	
37	42	81	
36	45	226	
20	58	96	
21	71	42	
15	59	206	
85	5	34	
31	44	239	
70	21	117	
2	60	59	
77	9	223	
38	49	165	
1	71	45	
63	23	191	
60	14	266	
30	65	47	
19	43	57	
5	46	281	
37	58	12	
4	50	258	
56	32	16	
25	27	187	
64	17	23	
63	34	238	
27	56	104	
48	7	7	
9	67	288	
38	58	220	
13	68	290	
31	38	226	
6	65	64	
51	12	74	
57	26	92	
45	13	75	
39	25	92	
3	80	108	
14	56	199	
35	55	94	
60	5	165	
74	25	94	
55	22	155	
40	55	31	
21	35	192	
38	47	53	
66	26	200	
34	13	124	
48	13	209	
24	59	84	
88	11	85	
24	70	95	
11	37	17	
13	70	298	
22	64	18	
23	41	270	
20	68	65	
26	27	121	
3	54	226	
33	12	287	
11	53	295	
21	61	64	
14	37	74	
59	7	34	
76	6	299	
42	26	185	
31	49	259	
13	80	179	
3	44	250	
24	33	80	
45	9	142	
46	48	70	
31	68	133	
56	22	91	
41	52	87	
28	51	121	
71	25	186	
19	67	36	
21	45	279	
63	17	56	
51	40	71	
20	65	22	
43	22	241	
57	19	300	
29	19	165	
20	41	83	
39	27	192	
17	57	149	
35	55	100	
54	34	110	
41	46	210	
8	45	52	
60	11	192	
18	63	246	
56	22	256	
35	22	86	
39	49	174	
58	32	78	
55	15	134	
50	49	198	
12	68	74	
2	52	131	
10	51	273	
36	11	20	
54	24	80	
25	49	228	
50	43	13	
85	14	144	
29	22	210	
3	46	3	
15	36	232	
37	59	108	
18	35	253	
10	73	270	
81	11	271	
70	22	128	
40	38	171	
60	12	10	
13	79	155	
23	69	37	
10	39	52	
44	28	280	
46	33	148	
31	58	13	
36	42	85	
34	11	66	
70	12	162	
36	15	113	
71	17	291	
74	14	224	
4	80	190	
4	43	244	
9	71	265	
72	12	82	
31	20	146	
44	26	284	
19	38	62	
79	7	280	
73	11	197	
25	33	29	
63	25	225	
18	67	91	
1	81	113	
17	50	255	
46	33	14	
27	35	104	
23	59	17	
15	78	102	
49	10	11	
23	26	63	
3	71	13	
14	85	178	
66	11	138	
9	64	247	
48	40	165	
22	68	20	
38	48	176	
73	15	59	
60	38	65	
78	10	278	
31	30	18	
37	38	96	
40	36	228	
63	32	211	
22	74	10	
41	17	146	
82	9	215	
17	46	211	
33	55	11	
63	21	280	
8	61	8	
20	73	215	
39	14	84	
16	76	84	
42	15	80	
25	36	279	
16	32	3	
34	60	214	
31	68	204	
23	67	292	
63	21	259	
15	30	80	
6	61	77	
37	62	3	
18	55	18	
33	27	235	
17	78	45	
40	48	197	
19	55	279	
2	77	234	
42	31	74	
25	55	105	
6	49	36	
47	44	130	
31	47	93	
55	22	300	
33	20	199	
53	37	40	
31	59	51	
62	32	127	
40	52	224	
72	11	279	
7	92	277	
32	66	86	
77	17	202	
73	9	18	
39	25	81	
27	48	195	
24	43	212	
49	34	280	
30	68	37	
11	72	133	
24	22	287	
74	22	114	
58	11	201	
58	28	117	
9	39	239	
78	19	227	
66	11	154	
16	83	35	
51	19	185	
25	21	131	
29	32	202	
25	31	104	
10	64	127	
27	34	192	
67	17	181	
10	64	22	
4	60	160	
14	67	122	
90	9	64	
41	24	26	
65	6	235	
3	43	271	
7	71	173	
44	34	205	
32	65	225	
40	15	259	
58	38	95	
22	75	238	
77	17	29	
57	34	104	
14	75	276	
10	58	210	
70	9	94	
69	24	35	
11	49	193	
16	49	8	
27	53	89	
43	6	247	
18	77	292	
71	8	99	
48	37	176	
29	62	94	
53	18	209	
58	15	274	
47	30	14	
23	26	20	
16	44	193	
13	86	266	
51	20	218	
21	24	83	
15	42	13	
2	87	143	
29	49	13	
10	45	233	
50	45	206	
16	56	235	
4	57	282	
70	25	277	
25	53	105	
34	30	79	
17	50	276	
43	29	65	
34	14	208	
1	45	259	
54	9	202	
58	21	41	
20	58	252	
9	52	258	
72	18	289	
26	43	16	
16	78	157	
20	59	168	
30	43	249	
42	55	116	
53	15	172	
43	8	281	
37	46	135	
38	17	103	
50	40	158	
42	39	237	
56	21	215	
61	38	159	
9	46	117	
15	82	265	
51	48	103	
6	74	125	
53	41	150	
10	85	299	
83	7	283	
6	93	25	
48	12	81	
34	62	298	
50	22	275	
42	33	34	
13	66	187	
73	21	172	
47	34	63	
14	60	162	
38	56	242	
39	15	67	
17	48	171	
16	77	167	
28	66	199	
5	79	287	
58	40	116	
65	14	111	
19	31	209	
29	48	258	
24	21	173	
28	50	52	
55	6	221	
46	15	115	
55	29	192	
58	10	37	
25	71	274	
7	75	62	
59	34	269	
29	32	137	
39	50	233	
22	68	287	
26	41	169	
36	50	266	
6	71	91	
8	39	30	
25	49	35	
7	62	212	
20	75	206	
26	29	69	
3	54	255	
2	89	60	
76	12	123	
62	6	170	
4	82	261	
35	60	120	
55	15	242	
6	52	153	
2	93	296	
42	30	76	
30	33	181	
42	18	189	
19	65	226	
35	27	156	
23	71	104	
44	36	179	
2	56	74	
81	18	29	
21	63	172	
23	76	177	
38	21	244	
70	10	196	
47	32	78	
57	39	7	
13	85	299	
6	53	90	
60	27	190	
71	19	276	
1	46	256	
18	42	211	
57	20	262	
1	95	101	
13	32	252	
36	45	274	
11	54	154	
43	52	147	
6	39	296	
31	16	199	
72	6	128	
22	39	95	
18	72	130	
5	49	289	
30	22	168	
57	37	7	
24	48	55	
43	16	59	
39	39	60	
6	47	4	
60	14	160	
30	19	296	
26	69	220	
15	73	32	
46	46	185	
78	6	263	
45	45	145	
7	57	167	
5	74	294	
53	11	226	
25	68	215	
24	30	260	
84	9	245	
5	80	191	
27	66	280	
21	60	11	
38	58	178	
38	14	184	
36	57	286	
41	19	148	
4	63	109	
21	63	106	
73	12	175	
69	14	194	
15	63	183	
17	30	55	
42	26	77	
44	36	99	
16	62	197	
35	12	287	
16	41	184	
12	66	60	
5	68	113	
18	41	40	
49	16	108	
65	12	210	
88	7	282	
66	31	29	
26	44	266	
62	26	244	
13	38	160	
15	83	175	
15	80	141	
48	15	151	
71	5	10	
2	79	247	
34	55	27	
27	24	252	
67	17	8	
45	30	216	
38	18	161	
34	28	248	
48	43	252	
24	35	25	
38	29	164	
24	51	227	
9	90	32	
43	44	169	
59	27	39	
65	31	206	
52	21	15	
2	97	196	
71	15	63	
27	69	283	
42	18	131	
61	13	188	
27	19	70	
76	15	154	
32	43	13	
50	38	185	
55	24	118	
87	12	158	
44	21	285	
47	15	248	
66	16	63	
27	32	196	
19	26	151	
40	53	168	
3	83	260	
4	64	20	
66	25	130	
51	25	241	
33	53	277	
8	79	84	
56	21	197	
25	50	195	
10	46	238	
17	60	103	
15	64	71	
58	12	225	
59	9	244	
81	10	97	
40	41	25	
34	40	155	
38	50	132	
4	79	232	
26	62	79	
47	31	125	
53	19	280	
32	54	39	
69	10	169	
65	23	275	
49	5	89	
40	31	96	
42	39	40	
45	52	27	
14	75	297	
65	14	278	
21	58	125	
18	29	154	
18	37	188	
8	57	271	
44	25	82	
61	8	292	
52	34	291	
36	49	65	
59	30	23	
12	54	245	
47	51	257	
20	49	87	
34	54	47	
55	21	21	
42	22	51	
27	35	225	
25	48	130	
28	68	258	
29	40	152	
24	41	141	
18	80	118	
22	73	265	
58	23	55	
68	25	171	
9	67	179	
26	32	37	
45	11	79	
67	29	63	
18	32	183	
12	83	268	
23	44	293	
46	27	1	
15	44	159	
19	73	126	
5	68	196	
53	7	106	
12	83	219	
6	50	238	
12	83	105	
26	53	288	
50	7	158	
72	16	104	
28	26	248	
50	32	73	
7	65	271	
25	73	84	
9	64	95	
62	37	41	
41	33	140	
65	30	24	
15	82	195	
42	52	244	
32	65	203	
29	36	116	
14	79	116	
59	30	221	
28	18	60	
11	36	244	
41	33	22	
28	52	156	
37	35	287	
73	23	17	
21	58	248	
35	30	112	
46	33	32	
4	75	119	
19	38	54	
67	13	196	
11	86	56	
14	65	11	
50	17	235	
12	61	265	
82	14	164	
28	33	215	
14	49	286	
48	18	120	
15	83	168	
32	19	120	
37	37	234	
56	21	122	
14	45	191	
87	5	214	
42	20	229	
2	65	6	
51	29	273	
92	7	228	
2	92	55	
42	25	82	
17	31	34	
60	38	111	
27	58	257	
27	40	73	
39	57	271	
68	22	20	
59	17	72	
26	38	133	
40	55	165	
39	42	78	
83	12	129	
53	43	212	
22	28	137	
30	64	138	
78	13	93	
32	57	200	
66	30	126	
3	72	17	
41	26	242	
4	52	172	
59	31	218	
10	57	245	
30	35	52	
59	34	281	
63	30	144	
61	18	97	
68	19	287	
35	18	263	
23	32	48	
34	40	154	
56	40	109	
53	14	76	
61	13	4	
61	16	259	
11	49	37	
62	11	222	
32	33	143	
47	38	73	
8	64	132	
15	30	290	
22	56	211	
24	29	55	
44	12	121	
11	75	182	
38	17	60	
21	49	59	
38	39	219	
52	42	106	
43	20	113	
13	86	63	
67	16	64	
70	27	210	
6	78	221	
60	7	138	
25	43	61	
51	20	250	
7	48	278	
23	55	71	
33	28	217	
29	44	151	
6	72	276	
27	60	83	
30	21	155	
41	37	69	
43	43	211	
22	63	194	
31	61	20	
9	49	49	
24	64	20	
41	25	287	
27	64	107	
4	90	149	
43	52	176	
14	71	78	
14	64	71	
26	33	273	
33	63	274	
46	53	207	
37	9	242	
28	65	296	
18	79	64	
28	63	55	
46	30	75	
9	69	207	
7	80	99	
6	51	123	
25	40	252	
21	44	263	
54	30	230	
24	39	25	
67	28	112	
23	62	155	
20	50	42	
46	23	49	
35	59	27	
25	54	142	
35	39	267	
1	67	66	
5	94	224	
77	9	46	
2	78	109	
36	27	44	
62	10	102	
46	21	247	
41	29	237	
58	16	257	
51	36	109	
5	86	270	
66	15	158	
40	31	187	
37	52	43	
63	24	78	
52	35	225	
11	76	223	
26	47	176	
49	44	70	
77	13	122	
79	15	124	
22	41	195	
42	13	199	
64	24	69	
37	32	26	
24	23	123	
37	44	30	
36	20	146	
4	77	226	
8	56	167	
34	60	130	
32	18	248	
13	68	90	
64	5	74	
70	6	227	
14	40	286	
50	20	50	
30	48	77	
34	54	234	
54	21	222	
5	62	11	
27	32	114	
16	36	124	
36	31	67	
37	62	89	
20	49	297	
69	18	123	
46	36	3	
14	46	258	
30	29	270	
40	39	251	
47	26	163	
4	76	106	
9	81	110	
76	10	277	
1	97	172	
51	20	3	
23	68	82	
40	59	142	
40	35	85	
86	8	138	
49	6	7	
28	36	280	
13	74	157	
38	16	57	
11	37	69	
6	74	56	
67	8	203	
63	30	16	
11	78	140	
56	29	101	
27	56	44	
29	21	257	
27	26	215	
86	7	22	
8	56	86	
14	44	78	
32	20	29	
51	25	51	
52	41	71	
13	58	268	
32	18	294	
34	59	21	
14	45	49	
74	5	125	
26	34	293	
50	19	247	
31	60	271	
22	34	81	
61	23	133	
34	25	195	
25	68	130	
42	56	149	
47	36	241	
27	45	174	
81	13	250	
45	16	144	
56	34	30	
17	78	109	
42	33	162	
3	52	155	
57	24	229	
17	82	127	
52	32	126	
80	11	227	
14	43	6	
1	78	278	
34	60	106	
48	29	208	
63	31	4	
11	66	40	
9	88	108	
32	31	61	
37	37	151	
19	76	59	
30	58	252	
32	54	128	
16	47	127	
54	12	269	
12	58	272	
16	62	213	
12	73	32	
64	11	192	
17	33	40	
60	11	138	
8	81	142	
79	16	119	
80	18	8	
27	33	219	
25	44	243	
39	35	282	
5	52	254	
28	29	297	
18	42	200	
49	9	116	
13	62	96	
71	22	124	
43	52	247	
22	25	216	
73	20	132	
52	18	270	
25	36	15	
61	7	284	
52	32	43	
89	7	296	
39	15	148	
47	17	270	
20	65	130	
51	25	61	
51	32	69	
84	12	121	
4	85	128	
38	52	213	
11	46	146	
5	78	285	
58	22	6	
51	10	265	
31	19	22	
56	15	173	
22	31	112	
34	25	75	
69	26	256	
33	58	149	
31	36	220	
39	32	165	
16	33	260	
76	17	158	
83	14	111	
82	14	138	
51	11	104	
35	17	148	
5	61	42	
39	20	235	
7	69	224	
20	79	161	
9	71	59	
57	23	3	
56	6	27	
20	46	277	
79	20	119	
89	9	33	
23	55	145	
15	81	260	
65	27	131	
15	60	280	
16	48	291	
43	23	144	
23	30	54	
50	17	266	
13	72	71	
45	42	130	
58	39	40	
61	20	189	
57	30	222	
15	51	18	
1	64	226	
18	64	147	
21	33	226	
54	23	75	
10	68	245	
12	44	177	
39	11	112	
54	42	229	
40	37	57	
26	21	143	
17	74	80	
35	29	188	
52	35	176	
80	18	78	
32	25	91	
8	61	271	
17	33	25	
9	51	103	
10	70	9	
15	82	216	
28	48	288	
45	45	86	
19	28	236	
11	77	100	
60	19	79	
2	55	260	
55	36	89	
84	9	185	
8	85	62	
68	23	125	
54	21	30	
7	51	30	
14	61	51	
17	64	236	
51	46	124	
11	68	197	
73	12	177	
4	57	243	
37	12	177	
40	49	180	
27	57	227	
51	11	11	
61	20	263	
41	18	181	
11	77	170	
23	63	197	
11	64	282	
8	41	68	
80	10	53	
50	34	298	
1	46	267	
24	61	277	
67	7	95	
55	22	110	
57	24	136	
7	41	112	
8	63	204	
46	43	99	
41	13	164	
70	25	148	
10	79	193	
31	49	85	
1	82	293	
4	58	29	
66	10	170	
6	44	106	
2	70	118	
67	5	264	
24	21	58	
63	28	170	
69	30	178	
60	8	38	
12	57	144	
50	24	152	
36	26	265	
37	29	249	
50	23	10	
68	22	106	
70	22	126	
12	60	258	
16	49	167	
14	31	202	
34	61	25	
68	12	88	
24	22	134	
61	35	231	
39	26	140	
1	86	280	
36	30	238	
42	14	73	
38	20	260	
17	71	158	
39	40	184	
24	74	36	
46	27	132	
37	35	39	
47	39	77	
8	71	63	
63	23	58	
29	22	248	
1	66	160	
28	21	235	
14	80	293	
19	29	176	
55	33	177	
44	46	202	
35	32	12	
49	10	109	
40	20	284	
68	7	160	
69	5	235	
34	65	32	
32	14	76	
81	11	68	
90	5	21	
69	10	209	
59	34	152	
37	21	190	
73	22	238	
8	58	67	
45	38	135	
65	25	249	
57	23	97	
10	83	194	
52	43	153	
37	53	126	
13	48	221	
40	46	131	
46	34	203	
19	47	221	
3	68	287	
6	86	145	
74	5	78	
2	52	74	
33	48	239	
4	41	274	
3	54	265	
22	47	180	
15	52	13	
17	39	23	
3	59	113	
24	63	162	
26	46	185	
9	85	296	
7	72	179	
21	24	155	
66	32	56	
52	14	25	
11	46	131	
7	88	217	
61	11	52	
30	57	222	
7	89	52	
60	18	194	
74	5	29	
61	30	140	
23	24	212	
30	54	188	
53	7	25	
56	11	295	
17	76	220	
52	10	185	
5	92	214	
88	7	145	
45	38	69	
32	58	212	
44	23	189	
30	19	113	
12	33	251	
48	7	267	
49	7	129	
43	32	297	
68	25	271	
20	53	84	
65	11	244	
11	43	17	
12	51	2	
19	38	86	
87	8	154	
10	49	204	
8	76	190	
12	81	122	
67	5	1	
1	51	22	
32	38	186	
53	18	107	
55	22	98	
68	6	91	
69	8	12	
9	76	106	
23	52	115	
39	45	40	
61	38	75	
21	58	23	
11	88	164	
64	6	223	
55	22	242	
42	56	272	
71	8	32	
32	47	256	
13	51	274	
50	21	60	
15	75	184	
20	79	173	
14	84	68	
68	8	293	
69	10	61	
85	12	200	
32	19	167	
48	8	83	
63	15	37	
40	55	131	
35	19	166	
58	32	146	
86	7	188	
48	5	217	
11	81	50	
57	7	154	
36	46	200	
27	60	214	
19	67	298	
31	43	102	
20	39	142	
25	45	149	
81	13	132	
54	18	25	
18	34	40	
29	19	168	
46	33	204	
46	50	299	
58	18	99	
63	23	144	
86	6	83	
8	41	189	
45	47	290	
5	40	74	
52	42	42	
11	66	27	
76	18	210	
22	64	228	
46	32	227	
31	62	107	
11	74	161	
5	66	233	
27	46	167	
15	34	25	
51	32	208	
56	17	52	
46	6	227	
77	11	128	
11	50	35	
76	19	149	
4	55	269	
30	27	153	
41	7	246	
82	14	166	
64	35	231	
26	42	257	
39	44	106	
58	26	256	
6	59	102	
80	12	256	
34	26	59	
24	64	66	
31	50	113	
45	18	47	
45	47	39	
53	44	63	
14	33	117	
23	63	142	
69	11	181	
26	44	111	
35	56	172	
56	29	50	
49	11	93	
35	53	277	
28	28	279	
40	11	249	
37	8	284	
12	56	27	
37	30	64	
6	93	207	
9	37	272	
8	48	120	
38	18	279	
34	41	163	
45	34	137	
79	5	95	
52	10	100	
62	33	58	
28	36	281	
57	10	136	
14	78	73	
63	33	152	
44	51	247	
17	31	241	
78	5	16	
34	27	72	
23	58	288	
25	62	213	
28	24	102	
2	81	211	
80	10	182	
17	36	46	
53	20	7	
6	81	133	
16	83	175	
17	54	144	
14	72	105	
24	55	90	
39	9	230	
15	31	213	
7	39	116	
82	7	226	
27	38	285	
13	80	167	
15	58	117	
22	46	300	
41	24	183	
37	41	78	
20	35	280	
50	42	21	
24	50	206	
35	55	291	
50	46	300	
29	29	50	
16	56	158	
81	17	285	
30	48	292	
63	16	288	
27	68	183	
58	26	201	
4	57	155	
67	31	267	
37	29	260	
41	24	294	
82	10	99	
30	32	104	
54	10	155	
6	90	3	
11	54	300	
7	44	64	
80	12	162	
35	50	107	
4	73	295	
82	6	252	
25	26	14	
14	49	177	
54	18	237	
41	25	58	
57	26	245	
36	35	164	
16	43	252	
11	47	123	
75	17	156	
4	81	225	
47	50	183	
27	49	16	
24	41	48	
21	28	218	
53	40	32	
37	35	203	
49	23	248	
90	8	181	
3	60	165	
53	35	160	
66	13	2	
34	42	69	
52	13	287	
34	30	111	
53	14	90	
21	68	228	
74	11	202	
50	28	88	
1	45	81	
26	44	172	
21	31	58	
68	18	53	
33	61	190	
45	8	284	
47	11	178	
16	75	232	
1	47	181	
17	28	165	
56	16	248	
55	23	146	
57	9	33	
7	62	248	
43	33	25	
63	11	41	
63	5	2	
14	82	130	
23	71	16	
27	68	30	
16	57	129	
70	15	209	
76	16	95	
15	82	206	
43	36	203	
29	36	148	
4	81	295	
26	29	97	
1	76	263	
12	74	273	
43	19	74	
16	29	6	
49	12	113	
38	11	280	
68	22	21	
37	61	12	
38	58	215	
67	26	189	
70	15	167	
13	49	175	
33	14	218	
50	6	294	
62	9	36	
55	42	246	
65	22	57	
14	52	171	
24	39	204	
51	28	176	
62	14	244	
68	7	51	
47	44	21	
50	19	43	
29	38	16	
60	15	115	
25	51	97	
62	32	150	
11	46	144	
37	35	126	
39	21	211	
30	60	298	
50	24	152	
67	11	245	
7	73	217	
82	9	139	
36	29	55	
1	68	290	
24	38	299	
7	82	225	
4	66	183	
53	6	181	
44	28	134	
6	39	132	
26	35	138	
57	8	66	
65	17	165	
51	37	227	
26	59	237	
7	58	132	
36	35	187	
7	87	178	
3	63	52	
24	38	175	
67	9	89	
61	29	102	
44	49	213	
21	70	151	
17	34	42	
26	33	234	
61	30	264	
75	23	94	
35	29	203	
57	42	1	
7	68	27	
20	52	254	
40	50	209	
68	22	36	
46	23	134	
11	69	286	
7	92	34	
47	22	291	
41	36	191	
55	10	42	
6	42	136	
20	79	146	
10	59	182	
63	34	95	
9	42	297	
6	65	156	
9	39	128	
31	62	179	
19	68	258	
16	58	218	
79	19	59	
42	40	80	
53	10	133	
87	8	274	
4	49	40	
39	19	217	
65	19	187	
10	80	109	
38	57	106	
84	8	17	
6	57	191	
6	70	99	
40	15	8	
11	84	143	
37	59	31	
52	9	43	
69	10	106	
13	67	279	
57	14	27	
22	36	166	
72	21	22	
3	61	122	
4	49	237	
71	22	175	
7	51	254	
44	34	18	
55	41	204	
46	34	82	
5	66	172	
3	62	4	
46	12	157	
4	70	26	
21	47	105	
29	23	285	
15	60	111	
68	26	139	
27	59	8	
45	27	281	
19	38	295	
20	72	30	
18	49	108	
21	64	39	
7	78	204	
55	43	23	
33	18	216	
6	89	149	
61	16	130	
55	41	25	
59	27	128	
34	12	174	
18	36	257	
67	24	125	
51	20	185	
40	17	67	
16	56	26	
6	81	246	
14	78	197	
66	27	36	
5	75	93	
77	17	174	
44	55	287	
20	29	17	
32	45	192	
31	35	84	
37	8	194	
15	39	76	
54	24	49	
4	92	241	
78	20	207	
73	5	125	
15	81	165	
7	87	249	
67	14	274	
22	23	170	
53	16	238	
1	71	265	
27	69	98	
36	38	240	
67	15	180	
58	34	211	
72	17	141	
27	41	4	
46	7	38	
17	37	83	
21	73	41	
9	81	4	
35	56	234	
43	25	264	
44	50	298	
41	49	279	
21	33	173	
38	54	45	
5	79	73	
17	45	89	
31	23	225	
27	66	217	
47	22	154	
17	57	35	
13	51	234	
14	77	35	
63	5	49	
5	77	58	
65	10	244	
25	71	220	
8	72	15	
53	18	20	
8	76	237	
29	41	33	
3	54	295	
18	79	55	
16	66	47	
2	71	38	
13	79	266	
50	36	176	
2	82	113	
23	56	193	
25	74	27	
14	32	54	
39	55	10	
71	21	164	
26	51	256	
19	56	279	
33	45	191	
17	43	32	
81	17	12	
79	9	213	
64	31	82	
37	56	18	
57	34	268	
50	47	239	
19	48	237	
28	60	19	
20	43	227	
17	66	56	
11	80	133	
21	77	113	
19	63	38	
82	16	242	
33	49	268	
75	9	240	
37	10	69	
19	40	89	
53	26	13	
67	19	149	
36	48	221	
65	32	149	
65	9	164	
43	39	224	
33	63	209	
34	24	88	
80	16	189	
26	56	276	
21	53	228	
70	25	149	
57	13	104	
17	68	204	
79	8	82	
43	39	257	
40	58	202	
43	36	274	
6	88	117	
43	33	243	
18	52	119	
52	7	109	
49	28	62	
19	77	241	
17	69	281	
4	75	148	
9	73	18	
31	14	75	
2	68	275	
35	29	166	
33	62	153	
21	64	9	
30	67	97	
44	23	13	
21	59	267	
26	65	142	
12	35	66	
89	8	109	
11	63	135	
1	47	232	
17	60	58	
1	74	131	
24	47	75	
73	15	219	
3	72	246	
23	40	169	
89	10	33	
1	81	243	
24	23	171	
33	52	82	
67	18	80	
23	60	283	
25	51	237	
5	47	87	
10	80	106	
56	18	23	
5	58	5	
41	10	27	
39	20	38	
31	28	55	
20	34	10	
18	35	42	
5	77	160	
68	30	23	
45	18	54	
30	24	25	
36	30	256	
64	11	217	
31	27	145	
44	34	223	
28	62	117	
3	78	70	
67	18	58	
65	7	66	
70	26	14	
40	22	274	
27	48	286	
7	45	12	
17	56	48	
5	58	7	
57	8	117	
52	45	61	
17	74	222	
13	33	145	
42	29	119	
69	26	255	
28	25	281	
69	13	136	
6	47	78	
7	49	75	
15	45	43	
76	9	38	
11	69	49	
27	50	135	
2	71	132	
84	11	245	
13	42	107	
58	18	207	
13	76	262	
12	54	18	
21	25	127	
56	28	250	
39	20	81	
17	55	246	
17	65	187	
60	29	235	
19	48	100	
15	35	40	
67	26	27	
58	27	143	
4	58	273	
14	84	226	
83	5	182	
46	42	261	
59	22	292	
14	64	73	
47	36	277	
42	12	299	
25	45	98	
60	27	187	
26	50	104	
29	45	48	
21	31	259	
60	11	258	
38	12	16	
59	36	295	
36	48	189	
86	6	193	
46	51	96	
27	37	173	
6	45	77	
53	14	251	
34	31	155	
45	5	104	
17	33	223	
35	11	268	
17	71	104	
34	27	84	
35	52	77	
36	38	241	
22	51	246	
46	8	48	
72	25	98	
18	35	127	
48	6	110	
37	46	159	
45	15	30	
32	43	28	
68	8	111	
60	36	35	
52	34	204	
43	54	128	
17	76	95	
4	61	112	
7	78	221	
20	79	26	
37	51	36	
50	29	196	
32	28	93	
36	26	105	
42	26	271	
14	75	267	
7	51	24	
12	64	145	
48	23	230	
58	6	188	
68	18	1	
23	27	198	
8	76	14	
58	21	185	
9	68	165	
28	36	210	
39	53	210	
6	55	190	
13	49	83	
23	57	214	
13	80	212	
54	27	286	
4	64	147	
49	32	188	
3	75	122	
32	54	250	
54	11	267	
24	28	69	
41	50	17	
13	84	75	
26	73	129	
54	45	235	
53	44	73	
61	12	13	
75	16	162	
83	8	87	
54	42	237	
4	73	57	
43	22	130	
1	94	225	
30	23	281	
30	48	116	
18	33	69	
44	38	204	
1	77	134	
14	76	78	
79	19	222	
1	86	299	
15	64	267	
40	34	299	
16	45	168	
24	42	193	
55	8	287	
11	43	156	
55	33	9	
61	23	253	
54	17	204	
13	40	133	
25	63	283	
13	68	279	
40	5	95	
46	13	14	
44	15	132	
58	40	53	
7	50	291	
7	85	185	
20	58	265	
17	74	238	
11	64	204	
16	58	287	
46	6	92	
48	28	5	
14	62	222	
5	79	79	
32	67	290	
40	15	249	
6	58	137	
12	65	15	
33	18	178	
17	68	155	
45	50	276	
46	27	266	
3	96	56	
10	76	76	
26	19	118	
5	76	125	
18	66	222	
36	51	272	
44	31	146	
65	16	101	
34	59	297	
39	21	186	
8	81	111	
91	5	223	
28	49	80	
3	77	271	
26	42	218	
9	88	289	
41	31	7	
17	74	3	
24	51	211	
73	14	149	
54	30	110	
61	14	280	
43	15	137	
7	42	255	
3	42	277	
11	86	228	
46	42	72	
65	8	292	
25	49	88	
25	26	28	
44	22	50	
14	73	166	
17	75	125	
27	29	280	
48	47	300	
6	78	269	
33	61	152	
11	66	217	
34	38	288	
44	54	239	
44	53	217	
55	21	36	
20	26	250	
42	29	118	
44	25	74	
25	30	86	
5	50	123	
46	41	79	
73	10	165	
86	10	274	
1	48	137	
48	6	69	
21	46	264	
31	49	53	
46	49	130	
43	5	34	
36	15	23	
9	88	155	
66	24	4	
16	49	55	
42	39	193	
43	35	223	
10	56	152	
13	38	41	
11	42	97	
55	21	217	
40	54	89	
29	27	111	
30	62	288	
62	21	196	
30	27	22	
26	66	34	
8	76	236	
81	9	11	
59	24	56	
21	65	230	
60	23	218	
1	48	152	
8	78	56	
87	10	237	
79	17	132	
13	38	237	
69	20	79	
8	60	189	
33	48	216	
6	66	244	
66	6	249	
27	29	211	
46	12	27	
1	62	248	
2	62	56	
9	87	3	
44	9	95	
43	33	286	
79	5	123	
37	20	9	
24	56	84	
1	66	93	
43	29	181	
78	13	183	
3	75	44	
33	56	139	
39	45	99	
39	40	202	
7	89	288	
60	17	283	
11	76	264	
31	59	141	
63	6	253	
32	36	48	
3	90	91	
81	11	46	
63	35	184	
18	45	60	
12	52	39	
15	68	258	
22	23	45	
38	29	257	
13	39	53	
39	46	160	
5	68	221	
75	19	33	
15	40	102	
31	56	268	
6	91	266	
69	9	220	
1	60	133	
87	6	110	
35	30	225	
9	55	119	
50	10	26	
46	13	250	
81	14	291	
29	54	206	
26	31	73	
30	49	239	
7	53	180	
42	22	239	
58	19	181	
34	18	110	
36	51	189	
17	64	168	
35	11	152	
10	57	197	
33	66	260	
60	7	234	
3	64	39	
68	21	255	
44	54	39	
8	73	181	
15	48	59	
30	21	20	
29	29	33	
25	24	295	
22	45	214	
7	59	297	
12	56	181	
50	6	20	
19	30	48	
20	29	210	
52	35	74	
36	51	136	
21	35	269	
26	49	126	
76	23	216	
54	21	177	
27	54	213	
32	44	32	
14	70	291	
31	54	233	
88	9	63	
40	30	248	
17	63	273	
16	37	152	
27	69	51	
4	80	256	
47	10	172	
44	51	189	
46	29	260	
15	33	35	
43	25	220	
24	59	133	
21	47	150	
15	49	263	
16	36	182	
15	60	107	
92	6	164	
55	28	207	
31	59	40	
48	19	11	
68	20	72	
87	11	125	
19	63	236	
47	47	230	
55	20	212	
62	9	278	
27	53	202	
48	31	166	
49	25	280	
42	35	115	
9	75	82	
46	29	21	
38	17	203	
47	23	232	
19	53	3	
4	80	253	
28	64	241	
45	40	274	
3	65	58	
10	52	60	
15	59	247	
78	11	297	
3	92	82	
31	53	48	
33	56	104	
52	15	291	
11	74	178	
16	43	271	
3	77	71	
48	10	125	
15	48	65	
67	16	144	
21	46	255	
3	70	144	
48	19	176	
58	28	270	
19	60	260	
33	26	2	
17	61	300	
12	65	212	
71	21	295	
2	97	221	
39	52	280	
43	28	37	
19	47	88	
19	59	116	
57	38	187	
19	68	211	
19	65	255	
1	83	79	
2	57	228	
19	74	92	
43	45	251	
45	17	234	
36	38	125	
5	56	12	
14	83	102	
61	31	10	
34	58	189	
20	67	182	
9	38	255	
11	54	115	
16	53	179	
53	12	229	
54	37	223	
17	39	63	
73	10	138	
82	10	107	
78	13	124	
30	26	60	
42	43	70	
69	6	10	
36	44	252	
67	21	189	
53	28	233	
12	54	129	
50	6	264	
28	38	23	
51	37	139	
18	44	174	
56	40	105	
7	64	229	
17	63	164	
26	58	289	
36	15	262	
13	33	150	
18	45	32	
23	37	192	
23	65	21	
10	56	117	
14	51	101	
9	85	284	
45	46	99	
6	70	262	
39	27	282	
11	54	29	
10	63	271	
58	37	11	
14	58	102	
39	41	156	
6	54	89	
34	21	220	
79	16	74	
50	14	211	
33	66	187	
53	25	293	
30	44	117	
44	30	6	
57	27	217	
6	50	223	
66	11	222	
23	55	43	
3	44	283	
19	65	190	
15	55	170	
74	11	201	
5	58	155	
25	21	223	
72	5	255	
60	28	20	
3	82	202	
14	81	34	
38	14	56	
31	44	174	
78	5	216	
41	21	144	
8	90	265	
32	41	68	
17	75	108	
49	28	3	
62	32	230	
15	79	179	
8	55	62	
40	20	268	
28	61	94	
36	22	255	
22	75	121	
58	31	223	
35	27	4	
2	97	45	
77	11	184	
83	6	237	
62	31	149	
11	40	219	
78	9	136	
71	7	231	
30	35	291	
64	27	51	
23	65	73	
73	21	175	
9	71	240	
93	6	286	
52	47	15	
74	21	202	
21	40	121	
61	5	186	
4	42	196	
21	29	227	
55	24	261	
15	67	15	
27	43	170	
81	10	51	
54	39	261	
48	41	94	
3	52	211	
50	14	90	
54	22	8	
4	57	141	
77	11	155	
55	8	121	
38	37	31	
48	40	152	
87	10	21	
70	14	23	
28	58	241	
18	61	65	
33	58	70	
53	29	80	
27	49	161	
16	38	254	
17	36	168	
43	44	205	
41	56	32	
53	26	220	
36	30	15	
22	75	16	
14	54	149	
7	65	211	
40	51	62	
37	13	275	
16	72	282	
62	14	277	
31	25	263	
27	42	84	
9	40	273	
39	6	42	
59	6	233	
36	46	169	
14	56	5	
2	81	109	
91	6	104	
25	49	41	
47	30	288	
24	63	204	
14	74	113	
81	6	227	
63	23	33	
37	21	180	
43	5	201	
23	74	176	
20	35	158	
32	21	21	
42	29	148	
1	78	160	
12	61	153	
53	14	234	
33	43	164	
51	31	14	
26	28	73	
19	75	113	
75	16	290	
70	16	219	
48	13	25	
69	11	240	
3	56	25	
62	30	208	
11	44	1	
82	17	135	
43	29	29	
24	50	106	
19	79	25	
2	53	202	
8	42	185	
40	9	70	
29	34	113	
25	29	21	
47	30	94	
15	66	269	
43	56	177	
30	50	74	
78	6	175	
39	52	147	
2	91	94	
58	11	145	
63	18	44	
59	32	43	
37	13	225	
45	17	215	
1	84	131	
48	29	104	
18	28	282	
4	85	233	
54	14	149	
8	90	94	
40	27	158	
37	27	227	
6	74	17	
65	31	209	
54	34	32	
17	66	76	
66	13	251	
58	15	45	
65	14	64	
28	17	186	
19	65	271	
48	10	94	
70	29	114	
42	21	64	
45	31	9	
61	15	292	
64	22	15	
25	29	238	
17	36	69	
12	72	264	
68	31	174	
40	39	299	
16	61	117	
33	55	157	
11	77	148	
2	89	207	
29	51	170	
3	52	239	
62	15	252	
80	8	142	
46	8	61	
43	7	8	
22	26	49	
47	42	53	
62	11	148	
81	15	90	
17	32	231	
6	41	158	
89	7	228	
66	25	95	
46	18	205	
31	33	2	
24	70	162	
72	9	181	
45	23	102	
18	67	132	
8	40	150	
34	65	158	
30	22	14	
15	34	231	
2	90	257	
63	14	272	
12	86	191	
35	57	129	
21	76	34	
61	34	66	
56	11	36	
38	16	188	
22	44	203	
19	64	119	
58	20	121	
75	19	53	
14	43	112	
66	22	163	
30	63	119	
26	43	116	
22	47	129	
7	73	126	
58	19	140	
17	40	182	
23	67	211	
61	34	296	
83	7	60	
37	23	30	
27	62	210	
6	78	43	
6	54	162	
72	8	122	
41	20	256	
38	49	285	
78	17	119	
56	33	250	
2	67	152	
36	14	16	
49	35	134	
9	36	107	
12	44	281	
1	57	295	
25	24	205	
14	80	85	
33	48	197	
66	23	11	
39	53	175	
86	9	10	
72	5	211	
22	38	34	
16	51	76	
50	42	280	
54	42	250	
2	69	113	
23	46	134	
33	31	249	
49	33	100	
18	63	288	
12	71	6	
22	73	64	
6	73	292	
22	31	164	
29	39	164	
31	28	130	
28	28	259	
17	68	241	
21	74	235	
49	10	262	
74	11	215	
53	16	228	
42	34	142	
33	24	188	
31	22	160	
3	89	113	
25	58	57	
80	19	145	
40	48	165	
1	68	286	
32	56	161	
36	44	236	
17	60	30	
49	23	104	
38	54	70	
7	44	298	
52	18	106	
35	58	155	
58	25	192	
36	13	28	
19	72	178	
67	21	192	
73	23	22	
55	27	164	
15	76	259	
85	10	183	
43	40	159	
9	79	215	
26	27	242	
90	9	98	
38	32	283	
23	48	289	
50	35	205	
43	21	190	
62	21	94	
35	48	66	
9	50	60	
31	40	213	
44	19	127	
6	81	161	
30	29	80	
15	36	79	
73	11	115	
68	28	98	
19	78	132	
57	16	261	
16	37	78	
50	7	146	
68	29	181	
42	7	72	
35	41	111	
70	19	165	
28	25	111	
9	37	126	
37	9	62	
51	22	120	
19	75	143	
17	43	125	
18	27	167	
53	14	207	
48	23	114	
30	50	255	
13	84	162	
46	26	252	
49	38	188	
56	35	219	
14	63	154	
52	22	231	
73	15	153	
61	30	165	
40	45	255	
75	12	127	
40	59	79	
11	58	82	
12	50	57	
79	12	82	
57	32	297	
13	73	164	
43	8	243	
35	44	280	
7	52	8	
10	35	151	
37	25	298	
19	57	95	
27	24	148	
45	48	165	
71	22	208	
58	30	273	
3	93	184	
37	34	280	
3	60	248	
16	54	1	
63	9	230	
34	20	151	
47	45	48	
43	15	70	
40	42	73	
13	85	97	
56	17	105	
74	15	231	
22	23	176	
60	38	3	
7	45	228	
87	10	148	
8	39	205	
6	49	295	
10	60	258	
78	12	93	
70	17	6	
30	68	43	
5	46	219	
33	65	285	
86	11	24	
44	21	220	
32	13	175	
14	31	293	
37	24	259	
58	37	73	
31	51	94	
5	53	115	
69	27	155	
12	72	273	
21	77	146	
39	60	10	
26	67	183	
46	44	106	
44	30	143	
81	6	252	
34	25	67	
55	11	96	
45	41	241	
1	65	226	
45	29	90	
40	40	44	
20	27	125	
23	48	93	
4	79	260	
37	18	42	
38	50	19	
15	53	160	
13	40	123	
4	45	49	
59	5	255	
83	11	188	
73	9	209	
28	56	161	
3	71	20	
28	70	276	
76	12	194	
39	44	14	
88	8	82	
44	29	134	
28	47	173	
14	68	179	
75	10	300	
14	76	204	
23	31	248	
57	7	282	
78	10	236	
60	33	230	
52	14	39	
32	31	200	
45	25	26	
50	44	32	
7	57	146	
21	52	174	
34	57	103	
39	50	149	
5	87	65	
44	49	137	
42	7	104	
24	41	159	
44	9	107	
21	53	83	
61	24	110	
78	6	135	
3	92	87	
7	59	291	
76	9	233	
30	56	176	
38	60	144	
25	33	106	
50	36	257	
34	37	202	
32	34	122	
20	39	105	
49	44	209	
1	80	181	
40	14	179	
63	25	221	
67	9	225	
46	39	24	
10	47	19	
49	20	55	
8	41	232	
70	27	235	
23	61	72	
23	73	212	
32	51	128	
27	34	84	
51	9	207	
8	70	122	
20	42	163	
66	25	42	
4	69	186	
30	28	200	
50	23	283	
20	44	251	
24	65	69	
41	13	155	
49	38	71	
17	60	269	
3	82	141	
48	34	249	
21	76	85	
4	84	99	
59	18	128	
45	32	80	
63	11	239	
3	88	219	
1	65	252	
41	39	1	
23	52	42	
40	34	209	
6	73	284	
13	52	89	
19	26	284	
57	13	149	
11	69	124	
21	35	191	
51	27	196	
9	75	280	
37	40	167	
28	59	276	
13	57	281	
89	6	231	
19	66	298	
70	16	268	
10	72	34	
18	63	192	
46	12	98	
23	72	180	
4	85	65	
36	36	185	
48	32	187	
62	17	172	
76	18	195	
47	49	186	
39	30	40	
63	28	98	
11	57	96	
6	71	80	
2	91	63	
8	50	64	
52	34	241	
51	18	124	
57	42	277	
56	36	272	
22	66	282	
35	12	175	
76	14	162	
73	5	97	
44	35	246	
3	93	154	
81	7	227	
16	78	114	
80	8	259	
6	63	209	
28	26	289	
82	11	20	
33	59	172	
77	13	30	
48	21	286	
1	78	250	
20	29	5	
55	21	43	
12	75	276	
74	11	2	
50	6	6	
81	6	183	
49	10	275	
37	15	268	
65	9	149	
36	9	281	
33	54	239	
5	65	69	
50	10	136	
36	29	61	
24	52	193	
68	24	219	
81	15	232	
52	27	35	
37	28	50	
79	15	78	
15	83	188	
58	14	227	
22	55	106	
12	87	258	
11	49	257	
63	32	128	
5	80	44	
32	16	160	
17	82	227	
58	26	17	
67	32	297	
46	46	142	
47	44	290	
21	30	207	
21	60	86	
40	13	96	
17	76	256	
24	47	127	
17	80	15	
63	15	24	
16	29	276	
26	60	148	
41	22	165	
71	19	131	
64	11	76	
57	9	275	
35	10	291	
66	27	12	
52	30	84	
69	21	111	
76	9	34	
1	84	170	
64	31	237	
45	20	295	
49	26	20	
60	7	23	
10	62	93	
48	26	37	
30	57	88	
35	59	216	
69	17	161	
65	28	220	
37	43	57	
38	24	226	
40	7	266	
25	46	19	
1	64	124	
70	21	195	
53	21	101	
67	13	25	
6	71	235	
27	34	76	
28	24	227	
70	29	11	
63	14	256	
10	86	297	
80	16	94	
12	64	123	
33	56	206	
61	29	101	
34	17	122	
48	50	18	
43	43	109	
14	42	178	
41	40	113	
7	54	2	
6	56	207	
42	51	55	
47	40	89	
77	5	114	
54	7	139	
32	60	264	
4	87	286	
56	40	88	
29	59	183	
45	5	152	
42	42	266	
20	62	197	
40	40	236	
71	5	170	
68	13	297	
35	34	186	
34	47	146	
12	47	143	
73	15	289	
24	35	88	
65	5	81	
65	11	282	
23	37	214	
43	29	48	
59	25	40	
39	24	254	
53	43	52	
1	87	21	
35	59	181	
36	17	72	
17	58	131	
38	15	230	
12	50	153	
2	68	257	
45	31	175	
18	67	216	
40	7	51	
11	49	272	
62	18	221	
77	10	58	
19	33	229	
38	58	38	
36	60	27	
1	61	20	
47	22	249	
9	87	218	
25	52	86	
15	82	232	
23	47	41	
18	50	249	
64	15	115	
4	95	249	
5	74	270	
14	44	63	
1	46	191	
20	67	190	
25	55	239	
75	24	13	
23	42	78	
49	20	46	
20	48	135	
41	13	23	
23	55	120	
31	29	138	
18	59	138	
27	72	179	
45	32	259	
25	61	220	
29	32	106	
25	57	31	
27	49	93	
35	63	248	
37	8	3	
27	49	198	
52	40	247	
29	56	214	
57	23	18	
52	8	185	
4	59	35	
33	30	79	
4	84	287	
24	70	14	
31	20	179	
56	41	281	
12	40	50	
6	83	11	
75	14	32	
48	27	35	
12	45	4	
65	17	78	
39	45	115	
12	85	289	
34	16	73	
48	8	219	
53	31	72	
13	32	261	
20	50	206	
7	58	141	
49	45	26	
40	47	152	
54	44	251	
49	23	201	
10	60	84	
39	16	140	
12	56	254	
57	8	110	
83	10	206	
51	6	192	
37	48	208	
3	56	165	
3	63	155	
73	17	19	
25	43	259	
14	69	70	
57	14	104	
27	18	58	
46	35	188	
14	61	136	
4	75	171	
60	29	277	
33	49	92	
21	70	137	
41	29	97	
58	41	265	
40	22	203	
9	86	238	
32	20	111	
8	51	103	
54	26	236	
16	55	218	
45	31	285	
11	37	156	
9	76	178	
2	64	109	
38	56	161	
53	10	194	
7	85	219	
22	40	202	
34	12	149	
6	49	55	
50	19	238	
5	52	227	
82	7	19	
38	19	106	
20	41	122	
61	35	168	
38	59	274	
8	85	75	
39	52	253	
41	56	43	
49	24	267	
17	36	101	
48	27	237	
68	10	63	
35	52	272	
31	18	183	
15	56	50	
2	70	229	
19	79	158	
47	32	274	
73	14	219	
37	20	183	
36	61	283	
49	40	294	
30	65	37	
16	34	21	
38	44	105	
47	14	204	
13	40	189	
9	85	202	
1	78	179	
10	43	195	
29	60	202	
36	28	69	
8	88	266	
17	57	59	
67	16	150	
11	64	231	
36	47	243	
24	72	107	
46	35	48	
42	35	219	
16	42	41	
16	75	156	
49	45	27	
32	51	75	
10	61	13	
50	39	104	
46	50	18	
20	74	298	
29	30	262	
4	43	298	
40	19	139	
30	42	249	
47	50	213	
52	25	182	
20	29	276	
3	55	16	
68	27	171	
3	56	180	
39	24	214	
65	18	276	
57	40	213	
14	54	299	
73	20	290	
42	13	268	
33	54	221	
31	40	227	
13	59	296	
80	14	267	
27	45	177	
27	72	12	
40	10	118	
8	77	126	
11	49	124	
11	53	205	
30	37	144	
49	37	184	
7	58	230	
14	32	143	
33	57	191	
33	50	1	
50	29	72	
34	60	222	
38	15	120	
10	36	243	
50	5	173	
46	36	150	
44	11	174	
75	18	58	
29	56	286	
44	28	266	
74	20	234	
36	21	124	
25	29	188	
56	13	241	
2	72	211	
64	9	228	
62	13	249	
71	15	283	
44	46	65	
11	85	21	
31	38	165	
24	73	165	
30	68	270	
38	45	92	
19	43	168	
29	52	111	
6	67	78	
43	30	147	
72	8	30	
61	26	129	
47	26	224	
12	34	46	
9	54	113	
62	32	255	
22	36	28	
15	58	49	
1	91	52	
3	93	283	
12	64	181	
72	13	122	
32	36	32	
48	40	300	
7	46	108	
65	9	29	
65	13	42	
16	62	219	
54	42	76	
35	40	289	
47	32	277	
9	74	256	
39	7	57	
19	37	282	
37	44	155	
2	52	64	
51	35	125	
22	50	272	
45	26	248	
3	46	44	
15	81	170	
50	25	2	
41	30	136	
47	10	14	
57	28	212	
53	12	268	
21	27	171	
37	12	5	
70	10	188	
11	86	110	
2	49	221	
24	54	4	
23	63	44	
31	30	32	
82	8	7	
12	46	269	
23	74	81	
43	29	162	
46	23	78	
30	54	297	
64	24	82	
20	45	255	
48	11	5	
70	19	111	
27	25	212	
33	26	63	
33	41	79	
43	19	35	
9	86	30	
68	14	145	
5	60	170	
5	60	284	
54	10	2	
2	78	137	
46	53	76	
36	48	282	
2	59	28	
45	22	175	
4	95	19	
34	41	99	
69	29	24	
15	53	293	
9	56	153	
39	16	6	
30	26	219	
39	24	66	
78	11	173	
65	18	292	
42	33	83	
59	33	90	
80	14	21	
34	17	119	
35	18	105	
33	58	212	
8	74	143	
37	39	113	
8	73	59	
57	38	202	
71	24	183	
15	57	265	
70	12	16	
39	45	287	
35	47	292	
6	89	43	
83	8	123	
29	24	92	
11	46	223	
52	38	288	
28	35	16	
45	10	5	
12	34	286	
62	8	69	
33	45	133	
53	38	128	
16	51	169	
2	59	72	
40	30	30	
18	69	265	
47	52	142	
61	33	11	
3	53	58	
26	53	103	
58	11	234	
60	36	200	
16	44	146	
2	73	297	
50	36	60	
6	86	2	
60	23	240	
80	19	266	
51	12	55	
22	42	168	
36	29	226	
26	19	192	
72	19	69	
32	38	110	
17	65	284	
5	72	297	
64	18	167	
46	5	80	
2	91	176	
34	44	81	
48	9	154	
61	38	157	
40	43	159	
14	60	216	
67	27	255	
12	48	47	
4	66	187	
15	58	113	
2	52	86	
43	27	135	
20	49	247	
23	33	39	
66	26	273	
73	26	47	
30	48	138	
52	37	154	
19	71	53	
73	26	47	
16	79	170	
9	79	114	
29	27	96	
26	56	18	
16	59	4	
40	36	32	
29	48	234	
8	91	169	
33	42	300	
5	44	166	
50	22	252	
35	31	181	
42	44	74	
37	30	83	
49	28	260	
22	74	75	
45	18	158	
27	33	151	
78	7	206	
17	58	15	
23	54	210	
17	75	83	
30	58	169	
47	42	219	
72	17	3	
7	61	255	
26	49	160	
35	10	182	
8	71	48	
37	36	94	
43	49	218	
48	18	181	
17	40	123	
11	75	35	
25	54	300	
16	60	260	
11	76	64	
60	17	42	
20	63	104	
7	58	249	
51	28	226	
11	49	289	
29	42	227	
81	14	145	
35	44	6	
2	94	237	
15	64	102	
73	24	41	
47	39	34	
83	10	217	
14	71	205	
46	28	174	
38	41	128	
13	55	29	
20	66	226	
8	55	6	
46	39	291	
82	5	220	
27	29	75	
17	37	230	
53	41	45	
31	55	296	
16	63	70	
45	35	1	
83	12	120	
49	40	148	
47	39	142	
62	5	251	
27	61	244	
33	30	217	
44	29	135	
46	7	58	
5	54	118	
36	47	6	
63	23	74	
40	47	29	
39	58	63	
9	77	231	
72	10	268	
82	17	201	
14	37	47	
22	49	77	
13	69	227	
4	64	136	
6	67	7	
44	17	260	
25	55	136	
10	75	250	
13	57	286	
37	13	81	
20	34	226	
33	37	132	
29	20	201	
12	48	124	
58	29	149	
38	45	27	
19	68	209	
38	49	37	
16	56	15	
66	14	229	
16	56	217	
20	45	229	
58	10	41	
52	28	224	
1	85	3	
86	11	48	
29	21	48	
22	57	1	
60	12	5	
52	8	72	
30	24	143	
56	32	166	
48	33	294	
77	9	158	
40	28	287	
18	40	125	
20	45	291	
26	56	5	
65	34	133	
42	20	210	
29	62	74	
17	65	266	
72	11	278	
17	42	169	
45	54	162	
21	73	33	
15	46	6	
48	46	223	
25	42	190	
44	41	72	
2	71	1	
7	56	294	
28	53	38	
27	37	191	
45	53	296	
37	40	89	
13	77	34	
69	12	194	
77	18	199	
9	39	101	
18	57	73	
43	41	207	
58	34	1	
16	72	231	
24	24	211	
43	30	27	
64	19	27	
8	87	180	
72	20	161	
16	63	143	
63	24	100	
31	62	175	
11	87	95	
1	72	116	
25	67	213	
12	65	272	
7	39	48	
16	32	172	
29	48	260	
57	16	62	
52	38	17	
14	33	113	
33	29	110	
12	47	42	
15	76	299	
12	77	25	
4	90	283	
3	50	66	
20	45	240	
32	34	104	
12	74	269	
4	80	47	
55	8	172	
60	22	182	
4	52	92	
38	58	107	
27	62	238	
67	6	63	
3	82	29	
89	6	121	
10	53	229	
14	80	57	
27	51	157	
49	21	38	
6	59	119	
51	13	214	
16	30	79	
21	78	228	
7	46	85	
55	17	123	
65	19	299	
70	8	75	
19	49	17	
37	46	77	
20	47	186	
29	58	41	
42	37	220	
16	80	145	
24	35	50	
38	13	34	
65	18	83	
53	17	120	
31	60	228	
34	35	137	
30	29	78	
15	48	244	
51	44	207	
72	24	115	
17	71	93	
10	80	156	
54	27	266	
64	14	100	
15	30	62	
42	34	51	
36	35	118	
77	12	116	
49	12	211	
13	40	198	
15	82	252	
68	28	99	
3	79	256	
9	86	17	
62	33	209	
7	59	298	
45	27	85	
33	32	6	
5	61	110	
51	36	64	
16	51	86	
36	21	79	
70	19	59	
12	41	146	
41	45	143	
35	14	273	
60	17	254	
69	28	108	
68	19	71	
24	50	232	
27	23	246	
38	19	75	
63	17	94	
1	79	46	
21	27	155	
55	27	131	
29	19	170	
30	26	139	
22	70	168	
11	36	132	
60	14	239	
47	37	108	
78	6	20	
41	28	64	
25	60	162	
20	45	117	
7	53	195	
60	20	294	
14	70	246	
38	20	67	
10	79	120	
44	34	256	
25	68	281	
38	25	280	
9	57	251	
38	48	85	
4	81	59	
38	30	208	
35	56	4	
57	22	12	
5	92	260	
89	6	152	
71	7	20	
26	55	184	
75	7	167	
16	53	19	
46	20	14	
55	41	266	
46	8	91	
34	57	85	
40	51	177	
42	11	26	
51	42	199	
49	36	297	
1	92	200	
38	51	160	
82	5	99	
32	57	241	
18	61	9	
89	6	36	
39	55	294	
32	54	115	
43	40	209	
25	45	42	
7	87	56	
11	64	23	
72	21	3	
2	92	30	
6	89	18	
41	38	10	
36	58	40	
40	15	14	
46	34	23	
72	10	44	
67	30	156	
35	20	122	
2	54	116	
27	42	156	
76	17	135	
78	19	116	
56	24	104	
25	37	136	
10	63	124	
19	67	115	
78	18	239	
21	73	107	
4	45	152	
38	36	126	
19	29	288	
11	66	35	
24	23	89	
63	10	293	
47	27	153	
34	53	204	
82	16	121	
41	13	127	
36	15	131	
46	10	69	
5	85	273	
22	54	26	
40	42	201	
35	24	263	
47	14	225	
28	37	237	
81	12	2	
6	41	117	
47	12	217	
23	65	49	
10	78	247	
59	12	205	
32	16	245	
39	34	105	
9	62	259	
61	16	215	
8	77	59	
79	14	125	
51	31	51	
49	36	213	
2	92	103	
20	77	291	
21	56	243	
24	25	264	
26	65	75	
23	60	297	
50	18	62	
54	21	135	
88	7	129	
20	42	204	
21	36	297	
6	68	181	
15	73	39	
13	47	261	
77	8	33	
4	93	62	
58	14	226	
43	35	235	
25	49	161	
51	44	142	
54	30	189	
16	75	21	
26	61	268	
48	42	70	
37	9	142	
46	17	282	
11	63	64	
7	42	250	
31	48	175	
2	93	266	
19	59	23	
57	5	258	
25	28	300	
5	69	207	
38	13	28	
52	13	251	
28	26	137	
65	6	41	
58	38	165	
20	53	40	
49	19	97	
88	8	8	
34	59	137	
30	48	85	
56	28	130	
61	27	60	
44	15	242	
20	74	4	
23	42	155	
35	35	22	
1	77	244	
24	62	233	
68	21	194	
57	10	165	
18	62	292	
86	8	136	
18	81	215	
79	13	181	
52	16	273	
37	15	157	
46	41	229	
16	48	220	
9	65	171	
31	23	290	
47	30	190	
47	14	231	
54	13	46	
57	14	187	
30	50	79	
48	34	268	
41	49	55	
90	8	84	
21	74	110	
18	41	4	
21	68	26	
4	71	203	
3	64	166	
63	34	283	
61	21	67	
36	29	139	
4	60	270	
17	50	213	
1	67	161	
68	20	189	
47	34	87	
13	49	127	
61	24	54	
6	77	238	
46	26	177	
48	10	256	
59	6	37	
29	37	142	
51	24	131	
15	77	28	
25	38	58	
11	61	188	
47	28	7	
44	39	287	
60	27	39	
73	12	190	
15	50	92	
48	20	226	
13	34	244	
92	6	7	
15	76	32	
84	7	218	
7	60	74	
40	25	285	
48	16	22	
5	79	116	
26	35	32	
14	69	121	
15	51	163	
61	35	217	
85	11	52	
47	42	278	
61	9	273	
47	39	191	
19	30	261	
35	25	48	
49	34	55	
47	21	198	
48	6	236	
24	41	21	
57	30	10	
4	77	55	
27	39	237	
3	45	132	
13	40	23	
28	26	147	
20	32	268	
34	50	53	
15	37	64	
19	80	115	
17	50	263	
41	31	230	
23	28	86	
7	40	233	
47	18	68	
62	34	47	
60	14	240	
20	70	96	
40	58	7	
91	8	300	
61	31	188	
58	24	115	
84	8	244	
72	8	58	
18	67	103	
34	30	277	
57	31	231	
5	77	278	
85	8	63	
32	55	258	
70	29	77	
45	31	207	
43	31	156	
6	76	160	
15	55	218	
55	12	199	
31	34	100	
17	76	260	
2	82	218	
6	67	32	
57	14	294	
26	27	82	
11	50	105	
6	78	289	
55	31	192	
49	28	219	
23	64	16	
64	6	169	
59	24	38	
19	68	299	
11	37	187	
27	42	47	
74	25	62	
35	12	258	
40	24	291	
51	37	196	
19	36	162	
60	22	187	
31	36	95	
28	59	202	
39	43	192	
19	56	100	
28	62	257	
89	9	229	
63	19	149	
21	71	277	
21	75	233	
44	11	277	
19	41	238	
24	74	35	
57	39	90	
65	10	187	
22	57	53	
65	31	104	
38	61	46	
61	18	151	
17	33	165	
23	57	161	
15	32	60	
7	67	149	
24	58	158	
24	67	37	
61	8	183	
15	58	18	
75	20	1	
23	35	42	
37	43	280	
20	26	129	
37	45	22	
64	6	196	
31	66	40	
3	74	44	
33	46	170	
66	16	138	
14	40	105	
29	17	146	
18	66	87	
34	55	23	
33	45	196	
48	32	11	
27	27	211	
39	29	63	
25	39	159	
42	30	27	
44	23	127	
10	58	236	
41	37	235	
28	39	156	
42	18	279	
40	6	260	
40	48	162	
26	26	110	
11	45	158	
3	65	111	
16	70	106	
26	47	69	
31	60	31	
4	48	135	
37	61	130	
66	28	125	
42	22	294	
41	34	227	
13	50	150	
13	53	14	
46	6	153	
12	65	142	
41	47	285	
78	15	282	
22	46	235	
52	15	185	
51	19	180	
49	29	235	
13	83	122	
7	54	90	
18	46	111	
33	33	263	
40	25	155	
14	58	151	
67	8	238	
39	42	73	
14	41	146	
20	60	138	
46	20	1	
40	30	232	
59	13	128	
3	62	20	
60	36	130	
8	69	119	
57	15	116	
6	72	209	
10	74	8	
73	23	249	
45	49	211	
11	77	260	
46	36	131	
47	9	293	
53	45	113	
14	61	271	
21	38	57	
25	32	66	
1	93	174	
20	73	18	
53	17	135	
34	25	174	
16	50	158	
52	27	42	
51	36	63	
38	10	228	
29	45	141	
39	34	66	
12	65	100	
37	28	211	
55	15	138	
55	5	241	
3	42	49	
30	38	250	
45	44	235	
52	35	191	
20	28	272	
49	26	200	
61	37	86	
23	47	282	
61	7	105	
50	26	285	
28	47	151	
55	44	100	
35	28	32	
24	60	140	
9	85	101	
71	28	171	
49	39	119	
7	79	289	
19	34	192	
18	48	84	
11	46	88	
16	31	150	
17	66	282	
48	35	227	
63	34	162	
51	5	63	
52	34	2	
22	55	60	
20	44	17	
48	50	87	
67	8	139	
20	48	159	
25	48	152	
66	32	220	
32	63	163	
41	12	49	
59	23	292	
42	54	262	
9	82	108	
40	55	174	
51	29	52	
8	74	40	
20	78	59	
32	56	188	
38	35	7	
12	78	254	
71	7	93	
1	92	237	
16	29	101	
15	82	274	
33	27	65	
8	56	271	
23	65	38	
73	21	161	
42	51	202	
1	77	176	
63	33	237	
44	30	243	
75	23	295	
37	48	91	
69	22	197	
47	51	270	
16	35	5	
53	26	91	
54	38	202	
39	52	73	
38	57	285	
12	67	203	
49	10	92	
8	45	189	
29	29	21	
46	20	50	
46	19	162	
32	61	282	
39	53	29	
1	88	138	
47	26	185	
58	11	178	
85	12	296	
28	68	245	
37	46	178	
55	6	262	
4	51	270	
13	68	240	
19	32	272	
12	81	103	
6	75	103	
68	30	290	
45	45	271	
21	33	282	
71	12	74	
54	12	84	
84	13	176	
49	23	52	
38	24	78	
43	28	254	
39	30	94	
49	27	140	
80	14	207	
40	18	190	
24	44	162	
7	42	83	
25	38	31	
53	31	96	
68	16	70	
8	40	257	
60	37	165	
24	36	231	
2	64	53	
37	19	13	
35	57	274	
2	65	99	
58	20	147	
50	37	176	
63	21	238	
69	24	40	
32	14	225	
4	54	300	
49	45	179	
53	20	212	
7	39	127	
7	70	47	
19	80	87	
1	55	150	
62	27	286	
70	28	212	
22	44	206	
36	31	109	
37	33	215	
42	32	136	
17	66	150	
52	43	52	
33	19	194	
8	48	172	
64	12	95	
62	14	18	
31	23	116	
13	38	136	
1	51	42	
53	44	271	
50	32	239	
33	36	117	
23	76	105	
22	32	287	
42	44	183	
4	52	281	
29	69	298	
40	9	72	
10	68	133	
4	86	9	
11	74	131	
10	77	60	
57	14	71	
38	41	148	
42	16	40	
16	44	233	
46	30	122	
36	22	221	
68	22	290	
43	33	45	
36	56	200	
50	7	121	
49	13	280	
30	15	190	
11	48	31	
10	75	137	
8	70	103	
12	58	186	
42	5	154	
29	49	116	
4	82	58	
59	18	264	
16	44	197	
44	9	121	
5	80	286	
38	30	150	
41	54	192	
35	11	198	
4	73	155	
45	35	67	
5	64	72	
7	46	158	
19	63	10	
43	22	37	
20	26	213	
7	38	58	
14	48	167	
33	58	15	
41	57	122	
22	72	149	
60	11	41	
5	54	111	
1	90	255	
50	25	55	
49	21	273	
58	9	24	
6	51	48	
30	42	231	
3	58	269	
14	46	182	
41	30	172	
7	72	31	
37	50	167	
41	37	111	
56	17	283	
45	17	171	
8	65	133	
8	63	8	
38	60	140	
73	17	187	
12	75	93	
5	67	26	
21	51	163	
76	7	268	
10	67	22	
55	6	41	
46	49	211	
48	11	253	
16	79	263	
20	30	71	
14	70	268	
39	28	269	
44	9	191	
17	68	161	
25	70	71	
46	41	265	
33	45	92	
38	11	238	
5	53	45	
21	65	156	
23	39	143	
34	65	54	
61	11	187	
32	45	152	
35	13	32	
37	31	229	
11	65	35	
37	16	92	
19	77	281	
19	72	200	
24	52	270	
53	21	219	
31	61	27	
12	75	249	
1	64	51	
40	44	258	
36	18	43	
28	69	62	
27	22	237	
1	77	134	
47	46	282	
14	71	91	
45	38	284	
14	41	32	
6	86	104	
55	7	70	
10	56	101	
30	30	191	
65	30	172	
59	6	209	
58	16	33	
79	8	61	
9	71	278	
2	79	127	
49	49	126	
19	68	264	
29	61	72	
17	30	270	
25	58	259	
21	39	254	
75	6	169	
59	26	275	
31	57	184	
46	20	290	
31	17	120	
37	26	258	
69	16	130	
5	49	242	
52	19	269	
45	17	259	
27	57	90	
37	14	56	
29	32	16	
53	27	222	
23	46	102	
28	25	291	
58	34	204	
47	48	199	
9	47	100	
50	21	205	
52	12	273	
4	85	122	
21	60	28	
39	47	291	
33	20	196	
10	71	106	
40	27	69	
6	43	63	
41	14	255	
78	14	120	
51	28	38	
77	19	146	
8	37	195	
24	40	106	
48	32	175	
15	63	229	
23	33	87	
20	67	286	
43	35	45	
79	6	236	
47	35	26	
33	23	228	
13	50	232	
47	40	295	
59	17	177	
22	48	105	
10	59	135	
46	16	199	
26	62	72	
79	17	216	
37	36	141	
51	10	16	
20	47	90	
69	25	229	
60	29	96	
61	29	63	
77	13	120	
42	26	142	
70	17	258	
56	29	18	
14	78	183	
25	53	115	
36	18	133	
38	16	111	
34	45	182	
52	8	110	
55	38	47	
3	84	94	
80	14	213	
2	87	93	
43	50	283	
3	68	123	
90	5	220	
35	46	179	
46	53	269	
44	8	113	
65	27	209	
38	40	60	
28	33	178	
29	28	278	
18	47	277	
21	56	84	
23	47	133	
48	9	36	
55	18	251	
23	35	68	
36	17	162	
41	40	21	
88	6	250	
22	64	138	
36	59	79	
9	50	252	
63	20	1	
57	23	272	
4	41	227	
61	22	266	
45	53	7	
64	12	293	
18	28	229	
11	70	67	
8	79	11	
3	49	22	
69	18	237	
54	10	222	
20	70	269	
44	23	230	
58	29	191	
39	13	259	
38	58	292	
41	22	156	
69	27	81	
4	55	164	
28	54	293	
76	19	28	
14	77	264	
41	7	94	
29	41	254	
20	65	47	
88	11	118	
79	18	230	
79	8	187	
45	20	138	
67	11	163	
7	86	168	
54	30	255	
21	60	67	
23	63	97	
30	37	28	
78	12	9	
17	28	211	
49	20	87	
15	45	154	
29	53	270	
8	89	110	
13	45	299	
48	16	243	
17	81	218	
42	7	224	
11	39	152	
52	35	146	
28	36	299	
58	32	62	
33	58	47	
38	41	224	
9	50	37	
64	26	219	
70	12	44	
14	62	297	
47	10	108	
61	36	276	
65	25	41	
20	67	138	
73	5	267	
40	39	243	
81	18	45	
37	47	179	
6	56	249	
27	69	80	
55	20	209	
9	78	73	
23	69	130	
37	28	278	
20	59	294	
59	17	106	
71	15	109	
73	24	90	
71	15	103	
61	15	156	
11	75	184	
1	63	15	
12	71	288	
27	35	262	
44	54	225	
23	42	194	
50	26	262	
38	26	192	
20	64	34	
17	59	41	
4	50	140	
43	23	54	
44	37	103	
42	44	12	
26	35	133	
19	44	236	
32	16	240	
41	14	238	
19	35	196	
33	44	291	
19	66	108	
53	34	66	
6	75	225	
34	36	147	
42	50	169	
46	25	153	
54	45	91	
84	13	288	
85	11	181	
69	18	298	
5	58	210	
73	20	19	
71	17	174	
13	57	286	
60	34	130	
71	26	231	
92	7	35	
44	22	168	
21	63	281	
55	32	293	
43	23	113	
57	41	107	
18	34	14	
2	50	127	
47	13	182	
41	48	272	
61	26	262	
10	70	82	
40	9	104	
34	21	38	
18	43	224	
53	25	282	
54	35	87	
1	87	182	
59	7	63	
39	26	56	
45	12	49	
17	55	166	
31	29	176	
17	80	154	
5	66	125	
2	61	72	
41	39	29	
2	95	6	
26	49	50	
60	33	28	
48	48	234	
12	67	299	
29	59	285	
5	58	85	
16	44	196	
22	40	212	
32	57	35	
9	54	163	
12	33	162	
80	10	92	
4	87	22	
7	82	41	
23	70	83	
45	28	280	
18	44	18	
48	47	222	
33	63	72	
45	31	225	
48	16	178	
4	70	192	
52	45	144	
12	52	97	
41	13	72	
9	63	300	
23	70	89	
8	45	170	
54	32	72	
52	29	68	
8	38	263	
24	63	262	
37	18	34	
63	23	231	
80	13	246	
56	5	177	
36	40	135	
90	8	152	
59	37	13	
19	38	248	
34	60	201	
20	78	29	
14	45	184	
84	5	184	
80	7	132	
73	26	127	
9	55	120	
18	51	278	
51	37	66	
45	31	146	
16	40	292	
55	7	232	
70	7	225	
71	28	271	
13	85	32	
16	67	271	
5	73	136	
3	74	26	
38	50	57	
61	9	233	
14	67	100	
17	71	197	
70	20	298	
7	85	104	
40	45	71	
28	27	21	
12	70	38	
44	8	208	
75	17	86	
25	49	94	
57	5	16	
20	38	227	
29	65	300	
49	44	203	
43	34	267	
21	62	296	
43	23	286	
53	33	246	
27	52	235	
41	25	1	
39	47	87	
61	14	111	
16	65	294	
54	9	230	
50	22	13	
9	55	295	
17	81	77	
18	64	170	
78	13	44	
28	63	241	
48	11	262	
16	79	161	
33	59	269	
59	19	226	
73	17	67	
4	49	297	
6	86	131	
58	27	72	
44	36	110	
76	23	211	
42	21	252	
24	26	149	
7	50	180	
69	7	67	
63	34	74	
18	61	94	
31	43	132	
9	72	53	
65	30	15	
39	53	105	
11	41	133	
66	25	109	
12	74	149	
81	17	249	
76	13	13	
16	54	148	
26	52	300	
12	65	62	
73	24	181	
52	22	78	
66	17	282	
13	82	20	
61	23	70	
23	47	15	
16	55	143	
35	51	272	
2	81	219	
21	30	293	
66	9	25	
4	61	49	
2	69	121	
32	15	271	
29	37	239	
56	34	108	
53	24	34	
27	20	190	
55	29	215	
5	52	65	
20	48	248	
46	12	195	
51	20	168	
10	66	27	
15	47	29	
60	12	202	
21	56	258	
37	33	75	
35	34	82	
78	9	215	
50	6	294	
39	8	299	
41	43	197	
19	32	69	
28	35	80	
50	25	275	
20	75	112	
6	49	124	
56	41	278	
21	54	83	
86	5	279	
69	22	243	
48	16	140	
13	40	235	
19	55	204	
21	65	101	
29	43	220	
47	20	243	
27	41	166	
35	54	99	
49	21	221	
24	71	71	
73	5	298	
32	47	195	
46	5	236	
7	54	159	
10	65	87	
30	25	29	
10	44	237	
29	50	122	
19	45	211	
17	47	259	
17	82	171	
10	41	151	
41	9	186	
5	54	206	
32	59	180	
23	26	123	
53	8	2	
37	21	148	
72	26	3	
10	84	139	
76	6	220	
4	64	30	
30	41	63	
38	35	293	
52	39	206	
31	59	170	
71	17	212	
39	24	276	
60	21	211	
42	38	149	
17	30	37	
42	34	245	
78	11	45	
20	35	236	
17	82	157	
13	78	80	
51	17	26	
30	40	231	
25	30	218	
43	48	256	
51	5	179	
46	23	185	
12	68	29	
38	55	269	
8	41	220	
6	54	27	
64	27	167	
24	65	145	
36	56	266	
55	26	97	
65	34	3	
14	31	230	
27	34	126	
77	14	109	
65	28	74	
39	22	183	
76	11	96	
24	61	252	
4	47	285	
6	90	284	
15	63	56	
56	28	283	
50	16	61	
84	9	62	
30	69	55	
10	56	287	
45	40	284	
21	42	181	
60	32	201	
47	12	288	
72	10	7	
17	40	176	
23	55	140	
59	21	233	
24	41	247	
19	31	2	
62	21	119	
17	74	246	
10	62	261	
58	5	197	
31	65	235	
25	26	124	
41	10	263	
73	13	194	
64	16	163	
26	45	116	
28	22	38	
49	24	277	
54	32	48	
26	21	116	
26	68	97	
44	22	273	
14	54	31	
7	50	175	
41	5	267	
11	55	112	
46	7	126	
2	51	250	
19	56	69	
85	14	16	
46	39	26	
37	31	63	
13	67	156	
58	18	178	
34	24	146	
81	12	103	
32	33	228	
28	70	121	
63	16	293	
66	17	42	
35	57	78	
13	51	152	
36	56	84	
22	58	126	
21	47	181	
14	37	44	
32	50	64	
37	28	95	
49	34	107	
27	32	17	
18	31	107	
53	38	241	
15	41	259	
41	24	9	
25	43	127	
31	33	216	
14	76	6	
9	44	202	
83	16	41	
14	82	211	
36	14	226	
23	57	293	
12	42	64	
28	36	26	
51	45	75	
78	10	15	
40	39	239	
29	49	103	
29	22	233	
67	22	270	
16	83	212	
72	6	276	
27	25	104	
7	82	99	
41	58	283	
41	27	243	
47	18	204	
53	24	107	
1	85	87	
61	34	27	
62	26	113	
12	78	13	
4	91	266	
12	47	29	
9	79	265	
3	62	44	
82	5	223	
42	39	234	
26	61	195	
11	63	278	
10	45	19	
49	18	192	
15	51	280	
9	45	60	
36	25	1	
42	26	205	
44	22	30	
6	49	125	
74	21	258	
35	62	233	
15	31	140	
69	6	119	
75	17	264	
26	28	222	
16	46	259	
66	10	74	
81	11	228	
13	64	69	
58	24	239	
33	15	249	
44	38	102	
13	80	52	
14	77	54	
45	12	77	
23	65	284	
23	56	270	
4	92	187	
47	34	237	
44	36	224	
57	9	217	
12	53	146	
41	58	291	
29	21	128	
80	17	65	
32	21	222	
14	79	228	
54	38	249	
20	59	126	
35	54	251	
6	63	112	
28	46	296	
44	46	101	
28	47	51	
3	60	118	
8	75	181	
61	24	213	
51	36	15	
29	50	151	
16	56	280	
60	38	78	
39	17	299	
11	52	137	
31	42	141	
49	24	232	
35	47	111	
37	26	221	
16	38	212	
34	29	71	
63	20	123	
53	16	250	
33	61	129	
31	30	271	
14	45	87	
68	23	269	
19	80	152	
2	67	57	
46	37	56	
76	20	151	
7	69	132	
68	30	193	
4	90	171	
47	45	113	
27	57	112	
62	29	84	
36	24	115	
35	55	69	
76	8	180	
44	39	196	
57	35	184	
2	90	155	
73	25	134	
60	22	92	
51	43	13	
13	44	47	
50	34	44	
51	28	196	
45	35	63	
2	81	13	
83	7	138	
48	45	83	
19	56	157	
35	62	86	
35	10	40	
34	21	97	
2	73	86	
12	87	174	
34	33	145	
31	20	139	
62	8	104	
13	60	44	
90	8	44	
38	11	148	
18	62	91	
13	49	91	
20	34	111	
63	31	108	
51	34	148	
26	42	93	
41	5	79	
10	49	89	
40	13	179	
76	16	59	
17	59	174	
15	58	85	
31	32	64	
68	9	85	
7	63	25	
23	23	100	
13	41	43	
35	19	108	
21	36	137	
47	6	93	
54	27	108	
29	67	96	
58	16	159	
7	42	53	
47	31	36	
43	33	56	
25	35	186	
44	23	94	
13	61	131	
69	20	170	
21	41	91	
39	53	32	
12	45	79	
36	58	118	
17	69	184	
10	70	3	
33	40	141	
23	36	6	
27	51	181	
68	25	181	
22	62	118	
30	53	76	
27	52	24	
70	18	152	
49	49	132	
65	12	85	
6	88	81	
36	59	57	
6	69	179	
53	11	191	
45	13	166	
72	9	85	
15	44	50	
9	60	149	
58	14	157	
49	6	166	
7	58	22	
42	32	152	
31	53	184	
8	43	178	
67	22	46	
26	34	132	
65	33	187	
56	13	139	
20	40	195	
28	50	130	
42	20	200	
50	36	83	
34	14	142	
89	5	159	
43	33	145	
26	22	136	
20	39	150	
1	70	57	
42	41	169	
33	66	12	
79	14	123	
53	31	7	
55	15	63	
5	60	139	
11	41	82	
26	66	142	
69	7	8	
7	41	136	
19	70	199	
81	6	17	
22	36	31	
58	20	52	
44	14	147	
15	73	80	
34	37	109	
25	29	48	
10	84	169	
6	85	123	
34	53	124	
30	19	183	
19	79	134	
22	60	75	
65	30	4	
65	18	10	
2	57	21	
87	11	66	
25	46	33	
57	20	6	
74	7	17	
32	29	105	
5	44	40	
26	59	134	
22	37	16	
68	9	110	
55	18	114	
15	45	136	
8	62	198	
69	14	10	
38	14	144	
21	68	99	
34	65	95	
38	13	99	
57	41	156	
46	7	41	
3	65	2	
71	18	200	
6	84	85	
30	49	32	
36	53	58	
17	54	172	
46	42	60	
30	66	146	
47	18	53	
30	37	119	
33	26	198	
8	53	11	
49	27	107	
42	37	194	
9	78	63	
27	38	94	
25	28	170	
21	49	57	
40	52	156	
41	26	125	
82	13	57	
22	64	84	
24	35	140	
20	74	15	
35	57	38	
55	31	110	
31	46	178	
6	77	105	
15	47	36	
5	81	57	
15	47	164	
33	42	75	
60	18	24	
5	71	138	
35	64	92	
28	62	79	
62	10	14	
58	36	165	
45	31	73	
68	6	114	
1	59	174	
44	47	70	
55	10	1	
20	44	6	
35	55	155	
57	5	29	
6	48	37	
50	21	8	
3	58	180	
31	67	155	
39	52	9	
30	65	11	
56	37	52	
66	9	157	
19	53	1	
40	6	110	
63	32	95	
33	65	135	
10	55	149	
13	78	74	
33	62	164	
32	64	110	
29	51	94	
50	20	57	
16	70	141	
55	31	151	
28	22	129	
5	90	39	
9	55	99	
21	64	164	
19	66	99	
1	72	115	
23	25	91	
49	17	65	
45	49	195	
2	61	37	
48	8	23	
22	34	14	
1	81	127	
50	33	37	
30	37	9	
8	73	96	
11	42	78	
44	23	103	
58	33	92	
17	65	161	
74	14	173	
2	63	187	
11	70	159	
90	7	165	
23	35	160	
22	76	51	
20	38	162	
28	41	82	
36	34	172	
37	18	109	
51	44	195	
19	57	78	
39	33	10	
72	7	131	
10	42	70	
28	19	122	
18	39	176	
68	27	41	
1	83	163	
24	52	4	
47	43	11	
18	69	83	
12	39	148	
38	17	137	
26	60	194	
20	41	152	
43	12	46	
89	9	87	
33	52	127	
12	82	157	
25	42	89	
66	8	105	
70	28	149	
47	25	52	
39	39	168	
33	56	74	
27	42	10	
10	80	93	
46	46	63	
32	34	115	
18	74	51	
22	47	39	
36	38	134	
54	8	53	
57	29	18	
27	51	167	
2	63	199	
21	64	167	
55	22	91	
63	7	129	
64	23	65	
3	83	184	
11	42	174	
19	52	12	
26	57	26	
14	57	100	
32	49	138	
59	20	140	
14	43	192	
5	65	167	
49	7	161	
24	58	14	
55	11	183	
2	79	145	
8	60	103	
41	13	63	
4	41	31	
24	39	182	
85	12	24	
57	28	77	
82	13	163	
2	64	9	
26	29	200	
31	67	126	
42	15	133	
14	32	142	
43	36	161	
71	27	118	
18	43	156	
54	34	153	
12	62	150	
50	12	42	
10	46	148	
42	57	74	
69	21	194	
5	44	128	
31	20	91	
33	36	190	
37	17	122	
40	26	86	
4	84	191	
32	39	6	
4	45	132	
7	83	96	
14	71	107	
66	15	79	
12	55	119	
54	26	174	
49	5	79	
8	79	124	
25	27	81	
46	11	79	
58	10	195	
29	32	182	
55	36	53	
1	82	38	
77	16	148	
70	13	39	
25	25	52	
58	41	142	
45	41	115	
26	55	50	
40	56	164	
7	44	115	
2	85	66	
66	5	169	
31	26	69	
43	40	16	
24	41	179	
36	49	177	
27	42	64	
12	80	144	
4	81	174	
26	68	139	
86	11	94	
53	7	172	
41	28	96	
60	26	21	
51	6	95	
40	46	32	
52	10	93	
20	76	18	
4	61	197	
39	9	152	
25	44	19	
29	54	152	
43	53	19	
33	64	9	
56	38	63	
44	26	112	
45	26	103	
3	94	21	
19	61	43	
24	36	109	
85	13	30	
34	45	155	
68	15	37	
89	7	112	
34	65	130	
4	80	81	
33	40	88	
52	41	107	
46	23	151	
9	54	34	
37	47	40	
50	45	77	
38	12	194	
86	11	175	
74	10	82	
45	8	73	
48	32	84	
46	9	194	
34	12	101	
13	70	79	
57	33	38	
22	27	123	
5	72	32	
24	65	157	
20	65	26	
40	20	186	
12	63	72	
67	8	13	
35	63	29	
19	61	84	
46	51	192	
61	27	45	
51	5	46	
61	6	22	
15	65	48	
1	51	143	
35	47	176	
29	37	69	
19	37	173	
49	33	111	
80	10	110	
47	14	193	
60	21	189	
30	25	158	
24	64	14	
2	62	165	
17	71	162	
67	18	21	
39	45	57	
76	19	102	
19	70	176	
19	28	7	
4	91	22	
31	59	179	
56	43	186	
26	60	70	
71	6	123	
71	10	194	
27	42	157	
25	49	101	
38	31	62	
3	56	95	
26	58	133	
77	20	63	
81	7	50	
21	72	15	
29	67	134	
32	51	79	
41	47	93	
1	86	156	
28	57	128	
74	13	177	
16	48	69	
18	74	169	
12	34	199	
55	22	133	
59	5	18	
24	66	115	
6	67	70	
59	22	78	
83	6	168	
27	43	156	
48	29	59	
19	26	11	
40	55	85	
34	56	101	
42	55	30	
27	24	140	
53	31	165	
69	24	174	
37	46	95	
35	62	79	
6	64	64	
83	8	35	
2	59	83	
8	62	184	
74	15	71	
20	53	84	
28	62	124	
74	14	120	
5	88	142	
22	29	38	
79	11	16	
24	43	63	
7	69	2	
6	58	198	
45	42	1	
6	65	165	
41	9	97	
38	50	150	
41	49	170	
44	48	21	
59	15	127	
79	19	9	
70	6	198	
12	62	125	
76	10	179	
20	52	159	
32	23	198	
19	53	93	
19	30	46	
13	80	93	
56	5	43	
29	32	85	
73	7	149	
29	22	198	
34	12	105	
24	34	175	
25	32	28	
19	31	103	
18	80	121	
30	51	111	
70	11	15	
71	26	186	
21	35	96	
17	32	5	
65	22	146	
41	32	174	
45	28	148	
10	36	67	
18	76	120	
27	26	75	
41	8	64	
21	73	114	
25	35	76	
34	17	101	
20	51	128	
2	96	113	
19	61	66	
18	30	39	
58	39	31	
65	5	47	
24	38	160	
63	30	39	
36	61	197	
12	53	68	
21	37	154	
44	42	140	
11	59	159	
71	24	52	
52	26	97	
83	9	142	
37	53	2	
47	15	98	
23	62	142	
19	28	96	
50	23	10	
41	53	175	
55	25	12	
36	31	87	
24	44	115	
50	13	9	
27	58	148	
57	6	124	
18	62	113	
10	53	91	
21	76	146	
23	56	14	
11	44	125	
34	34	50	
63	22	80	
42	18	62	
81	6	61	
57	6	186	
20	59	42	
26	25	125	
11	81	100	
59	36	58	
68	30	121	
25	72	70	
3	89	191	
50	47	37	
11	81	37	
51	31	88	
69	20	77	
2	50	110	
58	5	133	
80	17	110	
42	49	130	
56	21	62	
84	8	138	
33	45	44	
66	25	95	
38	42	82	
27	21	184	
81	10	166	
7	40	73	
43	15	177	
14	70	110	
58	18	46	
17	57	69	
69	9	52	
71	19	94	
10	87	170	
24	70	102	
64	20	56	
30	26	123	
65	28	67	
9	76	130	
68	26	148	
74	24	27	
30	19	62	
23	66	187	
25	49	53	
20	38	86	
46	28	32	
6	82	84	
18	46	42	
55	24	25	
34	38	184	
35	26	2	
48	19	144	
3	56	168	
41	21	45	
15	53	11	
14	64	30	
58	33	189	
45	8	31	
81	18	5	
13	84	75	
55	37	137	
13	47	197	
77	18	102	
64	23	186	
55	39	16	
2	91	141	
40	6	7	
33	15	55	
56	17	133	
65	6	138	
74	12	130	
79	17	169	
50	25	159	
47	47	14	
68	12	85	
24	56	149	
56	5	152	
10	49	74	
5	87	3	
71	24	50	
61	5	125	
12	55	189	
15	48	146	
47	48	150	
55	31	151	
44	35	93	
7	92	164	
13	40	48	
10	58	60	
9	57	158	
53	11	18	
27	19	62	
71	26	167	
55	12	156	
38	8	134	
19	60	16	
6	84	79	
34	33	24	
44	13	126	
6	79	37	
76	11	133	
41	45	93	
38	56	158	
16	38	116	
30	41	75	
4	54	186	
53	29	25	
41	11	173	
19	73	99	
66	31	52	
60	27	20	
70	26	147	
59	15	61	
45	39	160	
31	65	49	
23	36	91	
13	74	137	
67	32	102	
14	33	44	
71	8	167	
34	64	196	
53	9	176	
33	51	87	
25	52	151	
8	42	140	
31	61	170	
56	33	1	
59	26	38	
76	12	31	
8	73	10	
2	69	177	
34	47	156	
41	12	172	
7	49	132	
86	7	71	
39	28	130	
3	59	33	
43	13	73	
24	61	200	
28	42	93	
27	32	152	
42	22	74	
91	5	114	
14	45	200	
17	56	67	
49	27	70	
22	35	137	
48	5	37	
79	6	21	
7	64	65	
24	35	69	
27	26	41	
28	69	34	
7	58	26	
29	20	172	
48	30	192	
3	50	152	
47	45	141	
37	20	189	
52	38	181	
33	18	2	
53	17	140	
13	59	62	
54	6	114	
11	59	88	
24	27	166	
11	36	161	
3	94	76	
56	13	24	
61	36	50	
49	27	49	
20	76	85	
73	17	172	
6	47	163	
30	66	50	
24	35	118	
44	47	135	
76	21	2	
14	31	64	
75	8	169	
34	25	154	
42	50	165	
52	16	87	
18	50	23	
43	39	120	
25	37	10	
72	27	70	
31	54	31	
11	49	152	
50	47	199	
62	36	115	
35	48	187	
2	89	192	
14	72	72	
30	61	193	
29	51	68	
23	22	117	
53	39	193	
30	63	50	
34	36	59	
35	27	189	
23	65	149	
25	52	82	
32	63	141	
65	15	8	
62	23	97	
68	16	43	
6	57	102	
44	54	9	
33	25	26	
75	8	147	
63	25	34	
42	44	175	
31	41	146	
21	39	147	
14	50	121	
22	42	106	
14	60	199	
2	71	8	
32	46	140	
59	12	94	
61	38	127	
31	23	158	
36	29	16	
12	58	33	
18	66	180	
43	53	8	
41	47	78	
64	30	5	
8	62	51	
11	80	168	
32	57	4	
24	59	92	
63	9	145	
19	40	26	
3	80	101	
52	5	173	
85	11	5	
19	68	16	
6	48	22	
63	14	78	
35	36	154	
4	65	126	
70	29	182	
25	63	12	
46	46	177	
14	31	120	
51	29	65	
62	31	163	
54	45	16	
63	19	112	
9	86	134	
61	8	110	
80	7	45	
69	21	167	
18	49	126	
50	16	64	
10	54	56	
65	7	31	
19	41	173	
16	53	32	
14	41	192	
63	29	9	
16	67	107	
23	64	5	
22	63	137	
12	66	186	
8	42	166	
27	18	10	
41	30	162	
38	19	76	
25	31	104	
10	81	40	
28	38	45	
3	74	140	
24	32	186	
8	57	26	
8	60	183	
57	7	27	
17	37	18	
3	77	148	
32	50	76	
29	54	107	
36	51	29	
5	79	162	
15	83	66	
35	29	11	
20	29	63	
56	23	48	
24	27	133	
10	66	39	
12	83	88	
19	60	124	
48	44	168	
77	21	152	
27	30	3	
36	50	52	
26	19	24	
31	46	44	
51	26	119	
34	38	106	
4	50	126	
81	10	180	
35	47	75	
33	24	79	
25	23	93	
36	32	199	
24	54	136	
65	24	86	
36	23	66	
28	61	182	
46	40	88	
4	45	87	
93	6	77	
53	25	161	
43	35	12	
59	7	27	
27	63	26	
4	52	91	
49	24	117	
71	8	54	
36	39	146	
29	24	187	
90	6	102	
74	7	124	
27	23	193	
63	27	76	
16	35	31	
21	51	97	
65	26	64	
67	28	168	
42	21	107	
22	54	72	
33	46	78	
32	56	146	
47	8	25	
14	63	156	
18	35	169	
72	22	51	
52	29	31	
43	20	146	
5	54	145	
35	17	105	
7	79	170	
48	25	61	
58	14	105	
16	80	109	
17	39	19	
3	73	187	
6	40	163	
81	9	184	
65	31	66	
53	38	89	
39	39	89	
30	47	44	
30	56	175	
85	5	142	
6	55	115	
1	55	142	
70	18	123	
90	9	186	
38	15	43	
22	43	5	
14	58	38	
46	16	200	
13	75	194	
50	49	24	
1	60	46	
27	37	172	
63	29	174	
38	40	136	
16	60	191	
38	42	158	
28	55	14	
38	14	21	
30	52	109	
86	7	9	
44	50	110	
48	36	42	
11	38	65	
16	44	106	
7	44	160	
41	56	110	
57	37	133	
57	34	116	
19	55	163	
21	35	116	
11	77	33	
71	13	68	
44	16	70	
36	39	78	
43	14	112	
20	36	130	
9	69	139	
6	62	48	
53	32	15	
30	66	53	
74	14	16	
12	45	39	
39	14	37	
52	18	127	
52	46	130	
49	40	34	
46	24	117	
30	63	142	
56	33	150	
39	29	154	
57	29	56	
48	34	17	
13	41	149	
59	36	71	
16	70	178	
62	20	28	
33	49	23	
54	20	119	
55	21	51	
8	37	75	
48	15	109	
32	29	64	
15	65	167	
34	60	194	
9	40	133	
34	44	170	
1	48	127	
35	26	62	
40	54	60	
54	10	30	
32	36	64	
9	45	13	
16	78	60	
77	15	6	
14	83	81	
61	38	27	
20	38	144	
66	30	70	
40	42	53	
17	32	27	
13	82	13	
9	50	170	
45	50	81	
21	58	74	
44	40	92	
86	9	113	
29	56	76	
39	59	104	
13	81	198	
10	42	49	
32	31	37	
2	48	57	
10	35	94	
13	58	26	
47	10	157	
37	17	41	
32	63	137	
8	46	54	
32	25	17	
53	29	126	
24	68	122	
1	44	15	
42	27	22	
69	7	185	
25	42	179	
26	26	54	
57	29	110	
39	10	42	
19	57	173	
34	55	84	
55	19	48	
88	9	170	
8	80	62	
54	20	59	
31	64	56	
19	62	146	
77	16	28	
51	37	4	
59	5	105	
69	17	132	
34	29	63	
73	25	27	
46	17	10	
33	42	105	
35	62	54	
56	30	35	
69	30	71	
14	77	194	
41	43	122	
28	21	97	
38	22	151	
65	27	154	
81	6	55	
51	8	17	
43	35	8	
25	61	135	
27	31	146	
9	54	115	
44	41	54	
44	34	40	
75	17	161	
59	13	125	
13	80	55	
22	52	33	
30	31	71	
75	21	48	
66	23	176	
1	82	113	
46	8	168	
37	52	194	
38	13	107	
18	77	46	
46	27	134	
60	20	153	
77	16	77	
8	63	14	
32	28	79	
8	56	56	
46	36	27	
5	92	179	
3	46	55	
26	26	131	
10	83	51	
11	57	23	
64	29	61	
28	60	32	
12	39	151	
44	34	130	
44	35	6	
10	35	193	
18	32	171	
7	38	183	
47	30	137	
35	56	132	
64	9	187	
53	41	78	
39	17	137	
10	88	168	
82	5	101	
65	17	126	
59	36	133	
17	69	140	
49	23	85	
57	9	77	
36	33	9	
49	47	17	
63	27	77	
41	58	167	
43	20	61	
65	12	86	
10	72	115	
40	18	131	
48	22	170	
10	44	49	
31	32	155	
29	54	86	
40	43	40	
62	29	177	
41	17	109	
37	18	103	
12	57	168	
18	38	159	
15	75	118	
25	45	64	
33	43	159	
16	34	53	
12	44	109	
24	31	21	
20	32	62	
58	7	180	
39	20	105	
39	60	30	
70	18	51	
2	66	4	
74	19	51	
29	17	94	
19	78	101	
17	66	33	
20	46	82	
9	45	22	
14	72	63	
50	6	16	
38	27	17	
29	67	185	
22	27	67	
51	8	77	
81	7	1	
41	14	106	
57	26	88	
32	49	90	
39	56	182	
56	11	15	
16	58	181	
21	30	44	
7	47	113	
4	59	186	
12	39	154	
42	48	15	
66	33	200	
80	9	139	
24	65	185	
15	37	185	
75	16	137	
49	5	188	
26	20	8	
45	22	66	
17	48	64	
20	41	94	
18	58	144	
54	41	29	
14	72	160	
30	42	149	
59	9	50	
22	51	1	
35	10	154	
28	53	9	
54	30	200	
1	71	179	
9	58	3	
22	75	81	
7	60	28	
70	17	109	
51	43	132	
13	80	18	
67	12	9	
52	26	52	
27	22	195	
37	41	121	
30	17	110	
53	9	30	
8	76	81	
61	11	2	
44	22	196	
5	53	133	
10	80	128	
1	49	89	
24	69	52	
60	5	32	
14	35	84	
80	5	38	
74	20	173	
68	19	86	
76	18	25	
66	21	10	
6	47	100	
47	7	5	
3	60	17	
44	54	199	
45	5	104	
4	48	31	
57	30	176	
75	19	61	
4	47	72	
56	12	48	
12	40	180	
42	24	85	
50	49	14	
55	7	150	
37	31	111	
56	9	132	
74	16	176	
32	46	187	
41	48	50	
16	60	155	
36	26	115	
17	57	171	
34	47	140	
60	26	105	
87	5	54	
1	69	23	
7	38	151	
69	29	100	
18	47	161	
27	62	98	
3	92	163	
2	47	130	
27	61	89	
45	40	139	
3	51	191	
71	24	164	
75	18	108	
2	96	114	
23	75	23	
66	30	184	
23	28	69	
25	30	49	
5	42	76	
23	48	195	
41	54	163	
66	15	109	
18	54	184	
19	74	143	
6	69	103	
6	93	194	
29	68	104	
42	25	159	
45	26	64	
39	16	193	
42	49	34	
4	93	67	
59	39	42	
25	33	60	
58	20	106	
38	14	79	
2	88	22	
34	14	162	
59	5	55	
74	7	123	
9	87	157	
2	47	42	
28	21	191	
87	9	27	
62	31	53	
2	67	46	
11	64	132	
71	16	123	
37	12	79	
53	10	164	
11	58	175	
31	32	108	
12	60	191	
29	58	113	
8	71	173	
81	17	183	
66	21	16	
2	49	113	
57	7	137	
25	37	113	
43	45	197	
6	84	64	
15	40	29	
74	17	165	
25	51	115	
45	42	86	
64	19	162	
6	46	85	
11	73	42	
19	41	139	
50	46	5	
40	8	107	
18	74	128	
68	25	37	
7	68	144	
15	38	25	
55	21	35	
10	56	92	
65	19	66	
23	73	106	
70	8	150	
43	40	140	
49	20	49	
86	8	185	
54	25	111	
26	34	24	
31	57	100	
28	50	148	
54	43	97	
24	72	118	
41	42	43	
79	19	7	
49	21	120	
19	47	159	
15	34	184	
60	11	127	
43	44	16	
8	46	60	
19	69	69	
48	41	54	
49	20	49	
54	43	37	
9	89	112	
67	22	167	
45	37	159	
27	59	149	
30	61	115	
16	51	141	
2	91	87	
2	64	148	
77	7	18	
84	11	26	
21	26	131	
5	63	159	
17	66	101	
42	40	28	
35	43	137	
8	51	62	
27	20	166	
62	6	4	
4	46	122	
10	48	41	
13	68	191	
14	64	22	
52	22	104	
4	59	132	
46	6	52	
46	18	168	
83	9	196	
2	49	41	
41	31	6	
66	12	189	
9	42	15	
4	61	83	
12	79	16	
14	39	157	
81	15	194	
68	14	175	
33	28	191	
58	18	199	
18	63	56	
7	60	42	
17	71	125	
18	68	114	
38	53	170	
35	45	199	
49	39	137	
4	84	154	
20	28	13	
21	31	127	
14	46	146	
9	66	193	
34	41	123	
25	50	191	
18	70	155	
41	15	84	
42	32	115	
33	54	6	
14	49	47	
23	51	150	
88	9	167	
51	20	169	
12	70	101	
11	88	2	
54	37	52	
21	25	51	
76	11	24	
42	40	53	
69	6	47	
5	50	48	
61	20	136	
10	70	67	
6	47	76	
10	56	120	
31	18	113	
53	34	4	
37	11	192	
77	21	40	
50	17	56	
8	38	193	
15	33	9	
61	32	154	
5	93	16	
40	57	157	
43	40	107	
56	31	166	
36	56	56	
58	28	153	
82	16	40	
63	34	126	
12	86	91	
1	62	27	
49	7	67	
40	42	87	
16	30	181	
60	31	141	
4	53	83	
56	35	42	
15	36	166	
24	29	126	
40	51	147	
32	15	155	
20	40	199	
76	17	145	
39	7	53	
71	15	51	
73	14	3	
81	16	1	
55	23	102	
3	63	197	
18	73	46	
11	75	80	
21	63	84	
50	21	182	
18	36	89	
62	7	54	
31	61	9	
72	25	17	
70	29	176	
22	52	150	
55	25	50	
26	45	41	
67	10	153	
33	50	163	
38	61	123	
79	11	95	
80	12	136	
55	33	2	
54	44	7	
13	45	53	
33	26	133	
12	44	132	
26	53	181	
17	31	148	
11	88	97	
32	33	40	
44	14	110	
23	38	15	
19	37	88	
70	14	178	
46	19	134	
31	49	113	
12	41	58	
2	66	106	
72	7	199	
35	61	187	
63	33	25	
7	48	30	
34	40	38	
21	26	124	
14	42	155	
8	88	174	
68	20	172	
51	12	87	
7	60	68	
23	50	77	
34	60	49	
29	21	57	
50	7	106	
8	62	5	
51	11	150	
11	76	8	
23	34	138	
5	61	85	
20	64	15	
43	48	43	
18	51	163	
44	20	39	
27	61	10	
40	32	192	
55	12	86	
63	31	121	
8	55	163	
39	30	123	
10	62	148	
28	28	186	
5	49	155	
67	24	131	
23	56	145	
5	85	176	
6	93	108	
9	60	129	
79	15	81	
15	47	116	
4	89	117	
44	43	143	
61	19	147	
70	20	113	
26	44	63	
31	40	73	
9	82	70	
66	14	47	
68	9	127	
47	45	129	
2	52	51	
22	47	194	
4	87	83	
32	26	49	
15	68	198	
57	14	184	
2	95	71	
42	34	172	
64	18	143	
7	64	50	
60	13	113	
75	11	148	
9	54	17	
11	55	56	
61	35	14	
32	18	122	
49	44	109	
37	18	68	
35	56	1	
4	69	101	
10	75	185	
76	19	142	
7	78	111	
20	40	147	
36	49	122	
38	51	126	
74	17	118	
18	45	82	
23	28	163	
34	62	154	
56	15	34	
28	26	5	
6	41	11	
33	26	40	
38	48	198	
27	51	25	
85	9	110	
65	22	44	
69	13	33	
67	5	21	
63	31	127	
7	91	199	
72	9	152	
57	29	98	
16	44	105	
29	23	126	
22	49	121	
1	67	99	
46	6	47	
80	15	159	
7	86	4	
1	68	110	
17	39	61	
29	39	150	
62	34	32	
57	28	91	
2	53	189	
59	34	141	
9	85	24	
6	73	90	
27	32	125	
42	55	181	
52	29	190	
16	37	136	
26	72	158	
48	20	56	
13	57	20	
22	34	146	
12	72	129	
59	38	173	
42	37	41	
46	31	10	
42	47	127	
27	50	183	
42	11	97	
7	67	191	
65	12	142	
11	87	112	
68	19	119	
25	62	66	
40	49	195	
3	75	142	
51	27	138	
36	58	159	
25	34	147	
45	14	118	
29	69	6	
1	98	158	
34	38	76	
63	6	126	
9	40	97	
10	78	35	
39	48	76	
55	14	68	
26	62	166	
30	26	144	
33	20	177	
75	24	88	
34	21	108	
9	57	4	
45	11	64	
12	54	12	
13	40	134	
35	60	33	
13	48	101	
43	39	110	
87	6	47	
77	8	157	
12	61	105	
64	35	120	
34	13	137	
40	31	18	
39	16	48	
64	14	180	
7	75	12	
34	25	135	
74	13	151	
13	64	132	
41	52	5	
23	29	197	
5	88	31	
37	51	24	
42	27	106	
38	33	25	
30	60	131	
47	45	185	
62	18	196	
18	53	67	
43	21	139	
73	9	143	
26	35	88	
3	47	159	
12	40	200	
9	69	185	
39	26	20	
72	24	97	
16	73	10	
29	62	154	
57	11	165	
40	27	117	
44	31	30	
15	71	199	
32	44	188	
41	32	169	
62	34	51	
13	85	193	
49	28	155	
59	16	183	
17	76	147	
54	20	176	
4	83	62	
50	28	33	
68	14	63	
47	50	38	
49	7	170	
49	11	141	
33	52	62	
65	6	143	
47	51	182	
23	56	127	
13	69	72	
1	51	125	
86	10	135	
48	44	115	
56	6	188	
30	33	76	
34	55	154	
12	43	115	
13	65	181	
52	18	125	
14	35	178	
23	62	91	
45	33	174	
18	62	82	
40	37	102	
51	17	94	
44	34	29	
64	9	183	
77	5	36	
69	13	51	
35	59	120	
32	47	64	
33	47	9	
21	64	176	
34	30	63	
71	21	127	
9	71	117	
50	11	81	
26	48	107	
25	51	113	
44	11	183	
30	64	27	
25	35	16	
71	7	55	
2	56	116	
15	51	60	
24	72	34	
36	44	7	
45	15	27	
62	21	166	
56	34	110	
56	10	87	
20	50	144	
40	54	8	
83	5	66	
25	51	82	
92	5	99	
23	35	160	
31	57	42	
69	10	45	
54	24	5	
57	42	24	
34	19	182	
42	52	173	
33	14	78	
17	52	93	
25	22	41	
72	13	141	
58	41	121	
35	36	12	
17	62	40	
2	70	189	
27	64	90	
9	88	156	
8	46	83	
47	30	2	
75	11	194	
60	39	88	
11	55	103	
18	62	4	
9	75	182	
1	84	9	
27	29	37	
39	13	120	
34	45	153	
35	19	109	
31	49	49	
70	20	171	
77	18	79	
40	22	148	
58	30	85	
68	29	98	
47	14	104	
40	16	59	
48	21	144	
50	34	51	
15	75	124	
6	89	32	
65	33	26	
57	33	181	
64	14	40	
67	31	180	
31	60	167	
28	50	98	
33	61	102	
11	74	60	
29	21	68	
31	22	197	
66	30	12	
21	57	38	
14	75	19	
18	45	173	
8	80	11	
12	55	160	
81	7	73	
34	35	170	
15	61	180	
71	27	189	
28	61	75	
31	61	169	
20	37	132	
67	23	6	
20	47	158	
28	59	192	
20	30	18	
15	61	76	
13	70	11	
26	46	122	
78	16	85	
20	60	85	
75	23	125	
67	22	71	
3	80	27	
63	35	83	
20	68	70	
42	41	151	
24	35	160	
3	50	75	
80	8	142	
11	71	143	
11	85	155	
47	13	79	
32	18	194	
17	58	145	
52	6	115	
69	28	47	
18	76	9	
24	71	197	
87	10	163	
36	42	20	
41	26	189	
65	10	27	
28	46	140	
3	93	148	
31	41	15	
32	57	139	
43	26	142	
62	11	116	
3	78	109	
58	15	150	
66	30	112	
9	74	6	
67	8	34	
34	45	87	
33	17	95	
33	49	2	
6	72	73	
56	39	89	
44	48	148	
48	42	147	
33	49	13	
22	50	53	
57	17	162	
5	57	33	
19	58	42	
35	47	60	
43	22	170	
53	26	176	
36	61	184	
32	19	64	
73	7	172	
74	5	125	
17	65	115	
25	53	76	
1	98	167	
22	58	144	
19	58	162	
53	31	154	
27	26	146	
83	5	34	
4	41	49	
21	73	131	
32	30	108	
33	53	31	
75	16	178	
29	26	13	
45	48	102	
15	34	118	
77	15	123	
47	21	57	
55	5	173	
58	26	17	
28	67	200	
61	32	80	
34	24	15	
29	32	180	
41	45	111	
56	34	19	
4	94	152	
80	15	20	
19	63	17	
9	65	125	
40	50	150	
54	8	128	
13	50	67	
78	6	108	
16	36	16	
47	8	196	
42	36	165	
33	18	99	
1	48	123	
58	27	136	
80	16	126	
44	37	6	
29	58	58	
28	36	24	
4	64	158	
43	37	5	
6	48	163	
55	34	97	
30	19	120	
51	35	185	
33	38	127	
39	46	185	
34	24	62	
5	93	57	
16	33	129	
49	12	58	
15	67	31	
29	53	92	
8	57	67	
54	30	149	
48	51	72	
46	43	73	
6	62	53	
13	83	158	
16	34	117	
55	30	4	
47	23	141	
24	58	92	
41	22	24	
71	20	35	
9	49	44	
29	63	10	
70	28	163	
9	38	173	
40	20	52	
22	27	9	
37	9	88	
18	42	51	
27	47	181	
40	20	185	
24	66	189	
34	52	166	
5	80	165	
43	45	10	
72	16	2	
35	40	30	
24	28	49	
44	33	17	
12	68	16	
15	52	165	
48	28	115	
67	21	195	
65	24	77	
41	41	144	
11	36	79	
7	52	157	
17	39	102	
54	29	129	
54	23	96	
43	22	7	
31	51	60	
31	42	126	
11	74	43	
59	35	161	
49	35	173	
58	8	129	
49	37	65	
48	8	44	
88	11	192	
40	5	181	
29	27	96	
16	63	63	
25	31	176	
21	73	135	
56	29	198	
57	6	151	
32	63	175	
4	59	59	
53	25	81	
21	26	125	
17	71	28	
37	52	3	
19	73	152	
29	62	142	
33	58	177	
50	14	3	
79	12	158	
44	40	195	
43	27	172	
21	69	154	
35	47	97	
8	61	156	
35	23	28	
14	64	84	
4	91	51	
23	68	111	
78	5	18	
57	19	200	
28	18	86	
65	30	180	
40	54	133	
81	16	173	
56	28	131	
36	33	116	
48	49	20	
4	56	127	
27	49	85	
54	8	42	
10	62	94	
25	63	43	
52	9	6	
74	21	65	
5	64	139	
15	73	24	
12	72	103	
29	48	63	
13	64	107	
8	80	184	
84	5	81	
69	9	34	
70	13	145	
20	73	81	
64	17	66	
28	41	134	
2	61	3	
46	11	172	
48	35	149	
41	24	77	
50	19	136	
29	50	125	
77	13	5	
7	69	74	
15	39	86	
61	27	124	
33	57	157	
67	28	164	
20	64	111	
27	44	112	
67	9	195	
8	69	104	
35	28	82	
9	37	44	
23	46	18	
22	55	192	
58	25	128	
61	16	59	
33	57	91	
62	25	106	
62	31	125	
25	42	98	
15	56	155	
16	55	4	
10	63	112	
41	49	11	
41	38	145	
20	40	109	
26	33	165	
16	40	141	
55	11	22	
66	22	200	
46	8	198	
79	7	75	
4	92	33	
51	31	86	
6	42	161	
25	71	67	
40	58	114	
53	31	57	
42	10	141	
34	14	192	
29	52	176	
33	48	97	
79	20	192	
39	13	163	
34	49	41	
40	27	102	
24	22	24	
49	36	130	
6	44	39	
6	44	193	
11	74	128	
7	85	93	
28	56	59	
31	51	59	
69	23	49	
20	29	15	
33	59	83	
32	17	33	
48	12	127	
42	22	91	
44	25	125	
21	67	28	
18	81	96	
14	44	161	
2	49	165	
4	48	114	
20	57	86	
17	71	189	
6	89	20	
22	29	149	
8	57	90	
44	13	29	
22	58	117	
57	6	94	
21	50	113	
15	31	51	
49	46	99	
50	38	187	
62	30	45	
61	15	47	
65	26	81	
40	48	142	
76	18	161	
47	36	17	
23	54	23	
35	57	3	
69	8	25	
27	58	165	
67	27	121	
14	73	108	
74	10	46	
44	49	94	
42	54	199	
23	64	121	
36	24	59	
21	53	172	
7	70	111	
48	19	191	
47	34	191	
30	54	177	
7	81	182	
28	22	109	
20	39	185	
2	87	54	
54	45	133	
59	28	126	
49	32	146	
16	36	170	
14	66	64	
20	73	42	
35	58	92	
15	74	2	
76	9	54	
14	82	113	
73	8	177	
51	22	70	
11	48	173	
38	51	185	
30	56	119	
67	13	167	
41	54	92	
67	17	130	
25	68	168	
71	25	153	
61	6	148	
71	27	167	
48	9	49	
48	38	172	
26	19	157	
36	62	113	
23	74	152	
6	51	125	
7	61	181	
48	11	77	
79	13	37	
2	95	3	
8	69	66	
60	38	149	
83	12	79	
55	41	181	
45	43	129	
55	8	188	
11	39	189	
5	45	6	
7	81	95	
32	40	26	
25	54	159	
77	11	100	
20	32	167	
35	24	113	
46	5	153	
9	40	42	
64	25	126	
9	60	172	
55	44	120	
40	54	65	
21	64	93	
23	23	18	
70	21	62	
36	18	27	
15	58	88	
31	32	186	
2	83	32	
27	49	142	
7	43	169	
22	30	45	
3	84	102	
21	42	143	
32	27	83	
9	79	30	
63	11	175	
16	41	139	
26	67	31	
56	12	47	
77	8	167	
5	80	15	
63	9	17	
1	66	164	
57	26	24	
47	48	6	
76	16	104	
71	18	28	
55	17	137	
19	67	25	
62	31	107	
73	19	47	
51	38	186	
26	50	103	
52	36	144	
10	66	167	
70	9	96	
42	37	168	
80	7	3	
52	11	97	
50	47	19	
15	76	23	
84	6	2	
62	10	113	
79	18	144	
52	39	87	
11	59	74	
57	17	72	
34	55	70	
19	57	153	
81	17	71	
25	42	106	
23	53	44	
49	44	183	
1	83	164	
29	66	98	
12	36	116	
33	36	198	
24	44	71	
7	82	2	
26	68	71	
15	34	167	
56	25	84	
37	44	169	
35	60	86	
92	7	71	
2	81	99	
20	65	62	
53	46	22	
71	21	1	
20	71	38	
47	44	43	
74	17	179	
6	52	179	
34	26	113	
62	30	53	
6	40	125	
27	70	99	
44	11	154	
88	8	63	
38	10	28	
28	58	159	
43	28	25	
64	33	85	
52	47	15	
32	64	83	
72	19	136	
4	50	188	
9	79	67	
11	86	23	
11	63	181	
27	71	125	
50	7	84	
33	64	8	
36	54	79	
66	6	30	
83	8	185	
11	85	12	
65	30	134	
13	58	97	
21	63	122	
39	33	99	
27	26	25	
41	13	190	
55	22	132	
3	94	32	
61	32	101	
22	68	181	
53	25	194	
42	7	98	
67	18	180	
10	39	197	
46	19	152	
1	98	84	
17	57	69	
47	6	167	
49	39	90	
26	72	193	
45	12	59	
20	48	120	
44	30	111	
49	7	134	
72	18	200	
57	18	186	
31	29	81	
25	23	200	
28	47	184	
31	56	12	
64	15	39	
25	55	23	
15	52	92	
5	70	67	
21	52	36	
15	31	23	
37	16	179	
8	87	140	
44	32	98	
9	72	58	
4	75	12	
42	25	46	
54	38	179	
36	24	148	
6	86	110	
63	14	169	
35	31	145	
30	59	186	
47	14	181	
70	24	165	
35	30	169	
68	28	114	
9	45	42	
51	12	8	
60	14	61	
6	42	101	
42	47	27	
18	32	159	
17	79	92	
31	55	168	
7	81	23	
8	91	82	
53	42	171	
11	80	48	
26	49	137	
77	19	89	
18	44	170	
3	50	181	
37	41	31	
81	15	17	
11	82	21	
45	35	158	
53	20	168	
9	45	89	
41	49	170	
79	15	40	
17	61	162	
45	19	138	
12	84	144	
10	65	123	
30	16	131	
12	40	64	
44	52	58	
24	70	55	
43	31	114	
6	88	24	
53	5	111	
7	81	198	
34	16	89	
23	44	178	
39	14	85	
46	51	61	
78	11	158	
63	5	7	
78	12	172	
20	48	16	
35	16	3	
28	44	68	
38	45	89	
29	59	173	
9	62	199	
49	15	171	
60	20	53	
59	9	179	
7	65	125	
23	39	7	
47	11	150	
50	42	51	
10	86	79	
32	20	157	
3	44	103	
10	45	150	
8	72	64	
43	43	118	
23	27	192	
54	31	71	
71	21	115	
17	76	23	
53	15	101	
31	14	89	
5	83	71	
15	80	102	
17	81	64	
15	38	85	
47	43	195	
68	9	156	
58	19	100	
2	83	34	
1	60	47	
3	56	191	
33	56	69	
2	48	190	
34	24	117	
3	85	27	
40	48	129	
31	36	5	
14	48	197	
34	23	75	
54	36	99	
44	6	12	
32	53	160	
37	30	142	
24	39	19	
16	60	132	
14	47	118	
43	30	183	
70	6	71	
68	9	170	
47	20	119	
55	32	185	
28	59	106	
34	58	87	
35	33	40	
58	17	107	
78	8	176	
14	82	148	
50	41	105	
22	38	148	
44	17	16	
6	69	92	
43	45	42	
52	37	47	
37	28	139	
32	25	76	
3	72	16	
40	45	19	
34	45	170	
38	60	70	
54	36	180	
30	42	121	
59	12	127	
10	44	178	
53	33	94	
44	29	189	
18	80	103	
1	48	92	
41	48	153	
54	35	139	
12	80	60	
47	5	197	
37	44	24	
20	73	128	
12	78	29	
27	66	91	
13	45	17	
6	87	35	
8	54	171	
35	57	177	
29	65	5	
48	50	79	
21	50	136	
1	57	129	
44	38	157	
24	66	82	
7	91	112	
34	12	199	
31	45	101	
9	45	106	
11	85	95	
8	83	90	
30	69	128	
6	79	97	
18	69	119	
11	37	75	
85	6	8	
48	21	37	
24	45	95	
70	10	6	
67	20	86	
36	45	30	
20	43	184	
21	71	196	
37	46	16	
49	9	81	
54	23	128	
17	68	32	
35	41	23	
27	72	192	
75	16	140	
56	24	83	
18	39	64	
46	14	176	
49	32	86	
28	52	147	
14	66	86	
80	10	46	
24	45	141	
37	41	194	
42	45	30	
15	44	183	
20	39	36	
21	68	6	
24	21	135	
11	66	33	
25	71	116	
54	5	118	
14	41	137	
15	42	103	
20	64	41	
19	32	68	
35	15	1	
48	8	139	
54	17	40	
27	50	27	
34	24	164	
10	50	102	
1	46	153	
26	72	69	
48	38	37	
30	18	46	
22	59	108	
17	69	110	
65	5	46	
52	24	143	
15	63	178	
14	67	81	
38	50	91	
76	6	24	
84	10	102	
53	28	99	
28	23	14	
7	48	48	
64	32	77	
25	52	189	
51	21	159	
36	29	166	
61	33	40	
15	69	120	
50	48	199	
7	66	11	
68	5	189	
73	13	131	
48	12	44	
36	10	21	
45	40	41	
13	84	95	
45	39	129	
11	80	110	
8	60	141	
21	70	187	
55	19	199	
41	9	49	
6	62	53	
44	26	161	
13	52	193	
41	54	99	
4	93	25	
39	24	168	
32	53	33	
24	72	186	
73	17	127	
70	15	76	
67	5	108	
30	27	162	
7	42	165	
68	28	126	
22	31	156	
15	51	110	
17	74	40	
53	13	21	
78	18	13	
29	53	168	
55	35	96	
44	12	109	
1	94	173	
76	23	134	
7	88	103	
25	27	11	
49	48	78	
1	62	59	
33	50	146	
30	17	47	
89	7	101	
62	18	170	
41	46	144	
39	25	83	
56	26	67	
27	19	88	
17	39	141	
38	10	87	
33	60	164	
44	44	102	
36	12	164	
36	54	110	
46	34	17	
37	16	11	
47	12	62	
19	73	3	
14	72	20	
3	67	22	
41	18	110	
8	63	3	
9	45	11	
39	16	57	
6	88	70	
83	8	157	
30	33	46	
70	22	88	
5	79	101	
65	21	10	
75	6	26	
88	8	136	
57	10	101	
75	12	66	
55	7	62	
10	39	179	
28	41	174	
43	43	186	
64	28	88	
71	17	175	
18	75	61	
32	32	78	
69	18	157	
68	21	8	
44	42	171	
48	48	106	
50	41	185	
31	56	27	
25	33	117	
61	18	133	
12	39	4	
14	35	161	
49	10	162	
27	37	168	
15	31	166	
34	59	99	
9	45	48	
62	18	63	
80	17	62	
13	58	145	
7	65	141	
68	20	52	
13	33	115	
40	14	33	
26	63	33	
37	38	2	
29	55	4	
48	28	193	
20	78	81	
20	77	36	
71	21	133	
73	12	170	
48	31	10	
55	18	148	
35	10	44	
40	19	93	
60	10	139	
18	40	198	
1	96	153	
15	48	19	
47	13	60	
36	61	5	
36	55	132	
56	6	10	
22	29	173	
64	18	159	
35	46	111	
35	24	145	
15	43	111	
25	69	50	
12	72	147	
54	32	114	
80	12	105	
28	27	174	
8	89	161	
8	66	156	
7	67	62	
23	61	148	
12	73	180	
8	43	126	
28	25	129	
56	27	77	
54	20	24	
27	36	163	
62	12	185	
32	48	74	
72	22	138	
16	36	120	
46	36	106	
43	9	21	
27	46	157	
46	26	167	
15	52	126	
