24	50	220	
45	7	116	
24	42	241	
18	52	72	
40	40	121	
29	18	60	
50	45	65	
52	41	60	
37	54	101	
42	27	206	
46	35	250	
33	50	134	
60	22	86	
55	28	227	
19	58	200	
47	43	77	
23	62	169	
55	44	55	
24	42	48	
13	47	300	
20	69	179	
1	80	104	
46	34	39	
35	24	253	
19	72	105	
40	59	113	
7	92	284	
44	38	51	
8	81	110	
34	23	78	
59	29	180	
30	63	119	
29	27	220	
12	38	163	
35	56	203	
26	72	206	
21	29	154	
82	9	107	
3	81	271	
17	40	257	
10	53	239	
63	33	76	
31	16	148	
1	53	117	
33	42	61	
38	25	226	
81	8	192	
16	35	10	
39	55	275	
51	12	287	
35	20	17	
44	52	202	
12	37	219	
81	17	93	
36	46	196	
32	59	126	
51	11	233	
43	46	21	
11	56	3	
27	43	295	
29	61	102	
82	5	256	
26	25	137	
35	51	206	
44	49	294	
69	5	179	
10	54	281	
75	13	139	
18	29	169	
8	71	13	
48	32	262	
12	40	124	
1	63	9	
17	48	112	
40	23	48	
46	6	136	
61	12	175	
29	54	65	
5	79	266	
38	54	10	
2	96	116	
36	42	208	
34	26	154	
30	58	188	
1	66	120	
56	13	212	
77	16	1	
26	72	246	
49	48	16	
35	26	17	
12	76	224	
72	26	137	
46	46	263	
31	58	137	
28	23	246	
23	52	201	
33	42	188	
30	17	237	
32	48	170	
69	12	212	
12	84	102	
11	56	51	
43	36	248	
14	63	27	
61	5	250	
1	47	118	
27	34	14	
30	29	192	
34	15	28	
7	70	283	
10	74	4	
37	15	152	
3	85	190	
23	71	200	
69	17	267	
41	51	68	
17	77	46	
40	33	120	
64	14	269	
15	30	66	
15	69	200	
79	20	200	
32	24	31	
43	44	137	
75	5	165	
55	14	123	
68	13	289	
52	37	80	
40	31	194	
59	32	214	
20	73	142	
43	24	123	
49	7	22	
40	29	217	
22	76	226	
8	68	298	
14	73	146	
56	40	172	
12	77	271	
20	32	244	
18	50	80	
6	53	23	
69	16	93	
51	10	157	
33	46	4	
14	81	145	
36	62	201	
63	22	173	
81	12	21	
28	56	174	
23	65	153	
55	7	207	
35	61	132	
13	41	234	
50	34	253	
45	7	281	
52	40	297	
3	89	2	
25	71	246	
4	58	61	
32	37	190	
50	6	239	
34	15	202	
69	22	135	
15	38	36	
10	38	299	
7	87	262	
83	14	27	
8	67	30	
36	57	242	
31	28	82	
79	14	290	
22	63	8	
3	62	96	
51	23	159	
28	59	115	
19	37	248	
72	23	18	
61	38	195	
39	41	285	
21	43	67	
2	69	155	
40	17	200	
6	61	141	
15	46	184	
29	51	94	
74	17	35	
84	6	115	
66	15	109	
37	32	177	
79	18	95	
10	79	121	
37	49	21	
16	68	91	
72	15	110	
31	21	209	
12	33	237	
19	64	198	
38	44	142	
26	42	24	
44	21	173	
28	41	235	
17	41	286	
47	39	204	
3	58	271	
78	8	105	
42	29	153	
49	39	14	
33	40	57	
16	78	123	
7	76	227	
35	21	239	
9	45	134	
20	51	216	
40	30	41	
10	74	261	
74	19	253	
17	71	47	
55	5	223	
55	31	113	
3	43	242	
22	62	251	
2	75	76	
40	38	163	
59	26	12	
38	54	49	
63	7	285	
58	40	146	
54	26	142	
59	6	88	
11	86	5	
9	51	14	
39	33	289	
59	35	189	
23	75	247	
26	38	278	
48	29	37	
53	34	284	
1	71	239	
38	45	270	
24	47	234	
13	56	21	
54	20	192	
1	54	256	
9	80	85	
55	28	62	
18	48	76	
12	59	137	
29	57	255	
6	42	60	
21	56	96	
56	9	26	
66	7	179	
23	72	174	
6	78	63	
13	84	112	
92	6	27	
10	87	203	
29	68	47	
52	33	279	
76	20	145	
55	17	182	
25	68	170	
39	44	186	
41	28	40	
33	47	226	
32	22	225	
12	55	121	
77	16	171	
2	80	246	
48	18	38	
64	31	144	
40	26	165	
17	76	138	
2	55	41	
12	51	126	
49	19	94	
30	64	204	
60	8	71	
52	15	126	
50	47	46	
43	44	83	
48	16	208	
65	30	98	
65	34	167	
41	43	61	
41	35	187	
9	89	214	
40	50	207	
61	9	197	
18	47	152	
56	12	156	
15	49	226	
45	16	218	
21	41	253	
34	31	233	
34	64	88	
90	7	62	
18	38	13	
36	20	77	
2	94	63	
35	41	181	
23	66	200	
12	79	1	
34	19	45	
8	51	22	
52	19	118	
45	12	213	
9	39	90	
43	32	141	
28	51	66	
11	48	246	
14	37	213	
6	55	189	
82	11	194	
88	10	128	
32	22	201	
71	5	107	
66	28	278	
9	76	248	
10	63	15	
39	47	105	
33	19	20	
69	9	204	
69	18	145	
50	41	5	
17	75	208	
37	38	39	
19	56	80	
17	42	208	
18	46	268	
47	49	39	
32	23	238	
9	63	247	
25	39	249	
24	50	70	
63	31	31	
29	34	78	
24	58	256	
10	86	33	
1	54	245	
32	16	78	
11	37	71	
8	40	205	
79	15	95	
42	55	177	
10	81	140	
29	50	209	
3	66	189	
63	19	191	
19	77	47	
30	60	133	
19	40	63	
28	29	70	
2	77	243	
15	56	85	
33	17	150	
33	22	256	
38	24	154	
22	60	214	
6	70	176	
41	41	25	
46	22	299	
74	15	129	
41	43	153	
66	27	110	
31	63	161	
32	24	65	
35	46	75	
13	44	73	
2	83	256	
11	77	260	
3	86	135	
33	40	79	
43	12	236	
51	11	181	
25	39	279	
58	38	177	
27	57	204	
45	5	232	
36	12	214	
8	47	181	
53	11	289	
30	47	247	
32	62	225	
36	52	129	
52	26	3	
63	21	122	
28	18	270	
22	59	246	
9	81	187	
32	47	248	
47	31	249	
32	62	300	
14	67	286	
10	88	28	
21	55	52	
58	21	197	
49	12	92	
38	8	95	
76	18	66	
53	8	176	
5	89	67	
53	16	260	
39	25	49	
23	30	279	
57	30	286	
55	10	105	
54	28	231	
17	37	256	
4	75	58	
44	41	258	
33	50	156	
51	46	207	
47	52	36	
50	35	106	
10	52	69	
57	16	222	
79	15	186	
29	57	278	
35	48	291	
37	56	113	
65	19	127	
22	72	37	
45	50	97	
59	18	48	
8	59	243	
43	34	147	
36	11	63	
48	50	128	
62	9	109	
28	59	17	
3	60	128	
11	78	29	
60	19	284	
48	5	44	
6	50	150	
57	8	99	
40	56	67	
32	67	103	
81	14	36	
17	51	121	
25	40	166	
56	14	152	
8	48	253	
2	57	197	
40	15	26	
62	27	161	
17	60	201	
56	20	88	
1	67	86	
50	7	89	
35	50	116	
17	69	192	
5	54	113	
5	54	105	
45	32	81	
39	18	66	
5	72	29	
55	24	224	
59	19	214	
39	23	186	
26	32	211	
93	6	114	
74	18	244	
4	90	105	
6	82	298	
24	60	160	
50	27	63	
60	21	140	
24	38	208	
43	47	77	
48	25	114	
7	53	183	
34	13	148	
34	46	62	
7	64	122	
61	15	25	
39	44	208	
5	64	178	
29	22	23	
52	6	274	
31	23	35	
16	40	28	
3	52	136	
61	25	285	
28	47	177	
44	6	188	
75	10	13	
51	6	288	
30	33	169	
77	21	127	
23	58	172	
45	17	271	
38	42	261	
41	44	296	
74	8	42	
61	38	76	
53	25	76	
42	6	233	
1	82	70	
20	51	164	
39	26	65	
2	45	262	
6	91	41	
31	47	11	
42	46	219	
23	43	203	
17	54	102	
31	68	117	
4	72	195	
84	12	207	
15	60	225	
16	59	36	
31	66	140	
18	36	116	
20	50	91	
4	41	71	
35	22	281	
19	30	16	
88	8	284	
38	55	260	
14	75	25	
13	80	66	
86	9	203	
17	67	274	
8	76	145	
49	32	177	
24	37	243	
25	49	287	
36	54	16	
55	16	281	
19	74	145	
34	48	265	
38	35	151	
23	31	75	
9	74	277	
52	28	22	
34	21	198	
21	60	164	
87	9	14	
48	34	90	
59	18	24	
52	47	74	
38	26	282	
19	64	102	
30	48	131	
50	29	150	
63	19	180	
74	22	116	
4	52	238	
46	50	101	
9	89	83	
79	7	128	
35	18	216	
36	35	115	
43	54	164	
57	29	289	
36	39	251	
39	47	159	
34	52	241	
53	40	199	
71	23	109	
61	12	99	
71	27	274	
43	26	277	
56	29	207	
20	30	175	
73	22	57	
21	60	133	
21	35	89	
24	52	211	
20	31	73	
7	62	219	
80	18	264	
64	31	236	
70	22	280	
42	51	225	
30	27	263	
47	29	256	
36	22	158	
56	33	168	
52	20	225	
53	42	96	
2	66	196	
36	60	45	
3	79	8	
14	38	80	
6	79	193	
75	14	121	
6	81	16	
18	34	64	
60	17	39	
16	33	159	
68	24	90	
48	41	140	
56	25	210	
76	5	166	
75	10	226	
44	52	21	
18	37	81	
24	60	99	
28	65	193	
76	14	136	
69	15	49	
20	63	291	
5	51	165	
29	26	248	
30	52	112	
37	50	103	
68	13	142	
91	6	153	
87	7	99	
6	81	54	
86	12	238	
49	50	221	
6	60	225	
65	11	168	
66	33	168	
62	11	276	
41	22	270	
17	29	66	
37	48	283	
61	14	90	
51	47	21	
16	39	234	
32	27	269	
19	51	187	
33	53	8	
50	25	71	
26	31	243	
55	36	54	
40	39	274	
36	61	154	
34	52	192	
63	14	224	
39	9	147	
62	25	170	
49	23	171	
8	42	190	
79	10	258	
42	40	20	
15	42	131	
24	21	97	
47	33	232	
1	62	47	
13	47	134	
2	53	270	
45	11	66	
28	18	260	
59	37	38	
77	9	142	
84	6	90	
51	15	5	
28	23	42	
68	12	265	
70	7	290	
19	38	57	
45	49	294	
5	54	147	
3	47	89	
42	23	273	
46	31	215	
91	6	5	
20	46	55	
50	36	222	
47	51	248	
16	37	83	
9	44	138	
35	31	204	
37	28	147	
12	80	47	
20	73	284	
19	68	47	
77	9	127	
24	60	106	
2	51	181	
6	66	121	
61	10	86	
4	72	50	
5	66	195	
7	46	202	
4	47	235	
45	44	193	
56	43	68	
66	23	14	
8	79	283	
57	16	140	
23	34	225	
68	30	156	
34	59	127	
15	76	300	
4	84	254	
70	7	204	
42	23	225	
11	48	59	
28	21	95	
30	23	31	
70	20	83	
7	87	277	
64	25	253	
59	39	240	
31	28	49	
23	46	264	
72	26	149	
40	34	215	
81	12	172	
23	26	5	
6	47	234	
31	36	153	
49	21	275	
6	53	44	
77	5	17	
86	13	180	
36	27	135	
62	32	122	
68	6	240	
14	83	182	
64	25	163	
23	71	30	
69	15	276	
16	30	52	
75	14	71	
43	6	85	
62	9	72	
51	38	51	
25	51	284	
7	46	80	
91	5	210	
13	61	193	
73	6	232	
34	18	222	
29	23	122	
34	16	7	
24	27	230	
21	72	109	
83	14	33	
57	12	51	
22	55	2	
41	38	300	
17	67	251	
10	74	219	
70	6	258	
20	37	79	
11	84	110	
45	16	49	
50	26	186	
54	20	267	
30	59	256	
11	44	7	
73	14	202	
66	16	69	
12	37	243	
29	54	249	
70	29	171	
10	81	226	
6	91	40	
60	36	48	
10	41	50	
35	61	87	
77	14	201	
9	52	24	
36	32	244	
57	24	217	
6	81	130	
37	61	257	
53	40	262	
20	74	239	
37	41	186	
39	23	144	
40	26	154	
17	35	249	
8	57	47	
27	35	62	
17	79	151	
18	64	216	
56	27	9	
77	11	7	
60	39	279	
69	28	20	
2	62	39	
46	23	280	
5	85	154	
31	26	246	
11	61	109	
22	45	112	
47	44	64	
13	40	198	
53	41	101	
63	22	194	
12	54	48	
60	12	141	
18	45	92	
63	17	193	
39	55	240	
47	25	26	
45	27	247	
15	80	209	
80	11	222	
81	14	286	
35	12	28	
14	63	178	
29	36	158	
19	29	22	
56	23	270	
30	18	117	
75	19	189	
16	63	219	
49	25	87	
47	18	229	
34	43	166	
35	21	21	
21	26	156	
29	23	11	
79	14	139	
3	61	94	
41	56	224	
73	24	44	
50	8	133	
30	43	111	
10	88	98	
4	55	164	
45	38	210	
68	17	203	
23	58	218	
52	19	247	
46	31	78	
60	36	223	
13	41	162	
17	53	53	
23	25	176	
57	28	98	
37	28	101	
76	12	166	
37	56	194	
51	40	66	
52	20	91	
3	55	293	
39	38	296	
62	32	170	
78	19	17	
69	28	260	
17	33	221	
50	46	165	
27	65	62	
19	62	169	
52	35	123	
82	10	51	
20	29	300	
8	47	121	
5	40	13	
33	66	118	
19	31	239	
67	20	190	
49	47	19	
11	55	163	
33	47	100	
9	59	171	
60	29	270	
60	7	190	
21	75	283	
42	57	289	
40	15	235	
2	74	134	
70	6	253	
5	50	125	
19	59	35	
3	74	218	
57	22	49	
38	33	139	
41	57	65	
33	53	58	
19	32	89	
74	22	168	
24	27	103	
51	43	119	
34	41	215	
36	54	190	
45	19	178	
57	36	237	
29	68	168	
21	25	208	
41	23	284	
48	32	39	
11	80	175	
48	7	147	
70	16	184	
38	17	195	
40	8	217	
27	28	32	
69	21	187	
44	35	247	
14	83	132	
35	41	6	
44	6	224	
17	53	81	
28	25	221	
8	74	232	
38	40	262	
40	35	11	
16	60	254	
39	38	35	
57	33	257	
20	29	93	
21	49	127	
16	43	177	
30	51	202	
11	56	73	
56	29	73	
72	23	85	
30	26	1	
17	49	115	
10	40	163	
14	48	211	
42	30	137	
32	34	38	
8	79	290	
49	10	192	
21	66	76	
44	55	31	
7	78	61	
39	16	55	
44	44	59	
31	14	183	
33	29	269	
69	7	247	
55	10	108	
8	77	278	
23	38	118	
34	40	68	
5	67	2	
75	5	263	
20	60	292	
41	27	83	
1	71	258	
66	16	130	
19	43	27	
17	53	295	
52	26	216	
65	9	277	
28	25	106	
54	45	252	
77	14	51	
83	5	51	
4	82	119	
68	29	189	
3	56	39	
27	27	57	
40	50	294	
4	86	117	
66	23	164	
28	68	237	
67	11	84	
3	70	271	
7	89	136	
6	90	245	
20	33	252	
20	58	288	
34	48	11	
38	31	117	
27	71	229	
39	30	139	
91	6	245	
46	9	152	
8	84	90	
33	14	247	
59	10	180	
26	51	57	
35	15	192	
55	20	261	
7	46	295	
26	31	100	
33	63	260	
47	43	173	
34	33	275	
35	35	123	
6	41	20	
64	5	116	
32	46	290	
46	36	300	
42	43	37	
32	63	290	
38	15	119	
46	48	243	
30	40	21	
45	11	178	
67	20	202	
44	48	193	
5	44	19	
56	11	257	
60	20	4	
4	63	249	
41	49	78	
49	32	300	
29	60	240	
59	11	96	
6	74	192	
20	55	67	
55	20	29	
64	29	277	
28	24	197	
74	17	67	
48	18	20	
7	72	85	
16	62	139	
35	63	12	
21	40	296	
38	60	80	
24	34	275	
45	25	211	
89	5	1	
44	19	30	
22	55	151	
24	64	208	
8	77	210	
43	48	148	
63	35	45	
2	93	279	
9	39	148	
76	23	94	
11	66	99	
48	36	171	
45	28	68	
18	74	24	
41	26	213	
36	37	41	
38	13	170	
36	33	238	
35	45	182	
29	57	197	
17	40	75	
10	58	168	
16	67	241	
30	63	162	
60	34	100	
1	90	42	
47	50	268	
2	49	152	
25	47	161	
28	45	42	
57	36	259	
42	41	33	
9	75	89	
44	36	213	
78	20	33	
3	42	205	
1	76	42	
42	29	149	
29	28	142	
27	64	268	
48	39	216	
23	65	119	
25	23	242	
62	16	170	
70	17	39	
14	34	237	
46	9	87	
15	47	225	
28	46	224	
29	41	71	
25	37	10	
4	68	95	
63	9	253	
72	6	272	
20	60	77	
35	10	97	
56	34	20	
69	11	148	
70	5	221	
34	59	238	
35	12	291	
19	74	219	
41	31	284	
2	44	59	
32	47	113	
14	53	50	
73	10	170	
36	52	129	
42	53	63	
20	60	177	
21	56	257	
14	43	242	
14	85	279	
22	25	149	
38	44	215	
1	60	160	
22	44	163	
52	22	182	
2	77	120	
44	21	127	
82	17	243	
34	17	131	
6	81	291	
23	62	98	
63	9	136	
24	27	253	
14	81	165	
40	9	120	
21	47	52	
61	38	38	
27	26	179	
5	45	189	
59	19	281	
57	32	165	
14	73	31	
20	44	153	
84	12	243	
22	23	216	
35	57	266	
7	85	143	
58	12	241	
70	25	265	
5	74	71	
47	45	148	
31	23	151	
51	23	182	
46	7	166	
42	51	76	
33	43	239	
5	55	224	
29	56	170	
15	76	107	
50	15	137	
49	31	129	
36	53	168	
50	27	173	
52	25	117	
25	61	235	
59	7	216	
44	28	190	
61	5	115	
18	29	203	
2	72	157	
31	40	212	
79	16	19	
50	37	51	
8	76	25	
50	45	129	
74	7	168	
83	9	192	
71	7	50	
15	33	58	
20	32	250	
10	69	231	
13	55	134	
53	29	95	
32	58	167	
49	27	249	
19	62	27	
76	21	111	
6	48	291	
59	26	149	
26	58	184	
21	57	92	
61	24	236	
27	47	17	
15	82	222	
9	61	69	
46	25	57	
39	14	257	
3	89	107	
40	50	122	
21	64	105	
12	48	34	
62	22	161	
4	53	139	
20	51	179	
43	32	94	
43	34	130	
17	43	29	
44	37	193	
76	17	289	
42	41	217	
71	7	167	
41	53	91	
62	19	270	
42	49	149	
50	13	157	
2	69	56	
43	14	160	
8	44	160	
62	30	201	
6	67	2	
9	77	25	
21	47	188	
29	20	107	
64	29	177	
69	16	57	
50	37	203	
76	22	54	
14	72	170	
28	67	39	
2	97	148	
4	80	56	
20	61	23	
2	93	69	
28	25	289	
22	28	112	
11	50	292	
75	10	33	
59	15	26	
40	5	164	
6	92	78	
73	24	194	
27	71	226	
55	6	127	
72	9	277	
45	23	213	
72	26	220	
68	22	226	
21	73	84	
51	46	32	
49	47	161	
12	50	208	
20	28	268	
30	59	164	
66	31	110	
3	74	286	
32	50	168	
16	52	124	
32	48	137	
67	10	136	
23	51	87	
42	49	83	
77	6	35	
8	82	115	
4	56	229	
70	11	185	
12	76	119	
67	26	124	
21	35	107	
44	45	20	
59	18	282	
32	29	12	
67	19	206	
70	13	4	
14	74	216	
73	14	133	
55	38	279	
40	48	234	
2	69	200	
12	84	258	
21	52	199	
33	66	106	
66	31	104	
75	6	101	
65	7	9	
41	34	261	
45	21	14	
24	75	163	
34	33	186	
48	30	246	
2	72	249	
18	45	298	
25	34	93	
29	55	291	
30	52	21	
66	31	235	
73	10	127	
10	82	204	
14	71	149	
69	16	15	
25	45	299	
19	29	290	
55	37	144	
48	32	27	
46	16	129	
2	65	55	
85	14	10	
6	62	229	
59	29	249	
38	18	13	
42	11	217	
15	77	67	
14	74	210	
61	38	184	
39	41	244	
14	33	116	
20	33	176	
68	30	208	
85	11	261	
47	34	225	
19	55	134	
27	59	286	
55	25	25	
34	59	266	
5	43	28	
2	95	268	
20	62	239	
87	10	27	
44	17	70	
72	23	133	
27	36	201	
4	86	242	
60	32	148	
29	57	296	
31	65	152	
14	68	280	
19	35	21	
57	31	43	
17	45	241	
59	12	36	
50	42	154	
44	20	94	
32	20	235	
12	42	263	
40	7	38	
64	34	97	
64	7	80	
30	55	153	
62	14	291	
20	40	205	
42	57	275	
64	34	148	
80	18	201	
68	9	257	
71	12	216	
12	55	94	
50	36	226	
67	12	129	
6	85	288	
1	58	222	
40	15	246	
24	52	269	
7	46	295	
54	40	39	
39	28	294	
16	62	192	
10	75	13	
52	21	69	
85	13	45	
63	7	235	
33	53	291	
76	5	122	
4	43	15	
32	34	197	
53	43	178	
52	24	269	
21	42	202	
13	32	300	
46	47	14	
18	31	252	
76	9	181	
1	48	246	
29	27	89	
23	69	77	
26	72	28	
65	9	193	
21	32	70	
23	49	246	
55	19	283	
35	27	229	
46	35	129	
4	81	177	
71	25	163	
3	63	210	
5	60	97	
42	7	209	
21	46	292	
17	66	281	
41	39	110	
35	22	276	
62	37	285	
27	43	53	
3	78	165	
30	39	128	
62	19	181	
77	19	84	
51	11	9	
31	47	242	
5	76	173	
73	23	118	
16	75	148	
47	39	215	
6	41	165	
32	28	7	
19	29	189	
89	6	82	
16	73	282	
12	38	297	
25	69	256	
2	71	239	
20	43	105	
73	19	137	
54	40	109	
44	41	95	
7	49	117	
46	52	68	
14	53	291	
64	7	96	
27	29	128	
28	59	110	
51	31	92	
7	42	63	
1	86	266	
27	29	298	
2	77	276	
61	34	151	
40	11	131	
9	77	143	
63	20	177	
43	52	26	
65	29	131	
46	41	272	
12	55	211	
9	70	26	
18	42	130	
69	18	252	
64	18	80	
17	33	264	
13	42	83	
9	61	229	
50	41	145	
5	68	162	
10	72	78	
21	66	178	
6	77	277	
42	13	137	
65	26	67	
36	21	40	
91	8	299	
76	21	42	
68	15	279	
77	18	295	
39	6	206	
40	58	4	
71	19	172	
13	68	248	
43	13	286	
24	43	31	
72	5	89	
22	30	47	
32	46	86	
35	51	170	
35	22	33	
16	63	236	
68	14	36	
21	59	13	
34	24	205	
81	14	132	
33	55	3	
5	60	169	
80	15	151	
8	44	95	
10	80	131	
38	41	277	
21	28	205	
4	57	7	
17	43	74	
84	10	97	
78	16	245	
13	59	236	
38	54	298	
4	90	193	
77	6	289	
36	61	48	
26	26	95	
38	54	22	
47	20	88	
4	87	31	
26	53	236	
63	12	297	
22	66	90	
40	29	11	
12	60	281	
59	35	204	
11	79	81	
56	20	131	
36	40	149	
19	48	193	
91	6	19	
60	17	273	
26	57	139	
3	73	146	
43	42	25	
57	5	183	
28	33	142	
63	23	168	
47	11	75	
35	12	1	
4	69	264	
60	13	41	
11	82	242	
33	34	6	
34	27	88	
1	67	116	
23	40	137	
10	61	23	
74	18	241	
63	34	257	
12	46	195	
27	24	196	
76	9	235	
62	8	77	
47	13	33	
3	58	31	
27	36	52	
36	61	259	
57	33	142	
61	34	279	
39	59	283	
2	94	236	
6	58	293	
70	29	148	
19	77	56	
71	14	239	
64	10	76	
30	46	153	
24	57	63	
34	23	101	
28	34	40	
7	65	300	
49	10	235	
41	27	37	
87	10	222	
43	42	11	
47	33	110	
43	27	81	
41	50	195	
73	9	154	
9	73	284	
40	6	299	
61	27	98	
37	9	47	
4	87	221	
21	35	1	
29	51	175	
60	10	6	
12	77	229	
54	29	61	
62	7	198	
5	77	254	
19	53	203	
10	79	90	
46	15	120	
7	74	26	
4	66	59	
8	55	250	
59	16	20	
25	21	148	
34	51	18	
46	38	70	
71	24	79	
40	9	52	
11	88	208	
33	24	248	
32	59	237	
42	53	82	
44	39	183	
14	32	99	
50	17	280	
23	48	194	
29	45	255	
40	5	85	
50	39	13	
14	79	212	
3	45	295	
57	41	188	
39	39	224	
18	50	219	
22	47	180	
21	26	84	
85	5	101	
78	9	144	
17	58	76	
25	54	216	
15	78	135	
42	43	103	
13	58	87	
38	34	148	
32	27	194	
37	35	125	
15	54	282	
8	56	112	
47	17	7	
17	44	251	
41	57	266	
14	50	281	
45	42	47	
69	26	204	
81	13	240	
2	50	18	
7	63	238	
12	59	171	
40	33	104	
77	22	291	
51	6	201	
23	55	14	
62	5	195	
45	28	208	
19	59	293	
14	31	196	
17	52	64	
34	54	15	
91	6	115	
39	47	27	
40	41	35	
40	18	29	
47	10	93	
39	47	65	
23	47	159	
53	45	94	
23	33	98	
13	84	131	
84	6	123	
28	25	216	
32	59	286	
12	62	193	
17	52	31	
59	6	223	
38	38	6	
39	33	93	
88	6	151	
33	43	58	
57	21	20	
52	27	31	
5	59	57	
46	21	108	
3	75	284	
45	12	114	
21	27	297	
39	19	244	
31	51	49	
40	42	208	
33	27	104	
7	53	277	
44	50	299	
17	45	253	
80	11	52	
4	56	126	
31	47	254	
29	22	222	
36	57	1	
33	22	105	
44	25	60	
8	52	242	
37	53	124	
3	64	220	
10	49	197	
38	15	242	
27	48	295	
68	21	276	
24	50	26	
4	48	81	
35	52	174	
52	10	122	
57	26	166	
16	48	7	
73	8	194	
33	63	123	
36	37	46	
27	23	67	
66	13	24	
4	77	148	
41	47	225	
25	55	109	
10	44	149	
5	65	215	
85	14	244	
60	19	202	
60	14	144	
1	64	253	
10	84	145	
58	20	84	
55	34	3	
20	44	77	
52	17	130	
45	17	47	
33	40	241	
20	53	290	
75	12	18	
8	46	106	
48	24	243	
18	30	153	
74	19	112	
70	21	143	
40	15	44	
67	15	256	
18	59	244	
81	17	291	
39	18	33	
40	19	247	
18	62	125	
8	91	243	
21	35	205	
59	30	87	
17	35	290	
48	7	29	
6	78	140	
39	56	16	
18	42	224	
54	38	231	
39	56	1	
58	37	78	
50	47	141	
44	34	221	
48	6	194	
39	40	4	
30	48	1	
27	46	253	
45	51	275	
62	13	118	
63	11	277	
60	22	294	
51	26	180	
45	9	238	
74	8	189	
43	33	106	
17	82	232	
20	29	28	
37	56	75	
31	42	132	
57	42	176	
76	17	234	
28	26	9	
79	12	93	
41	32	63	
31	37	263	
83	13	33	
58	39	271	
43	31	281	
67	13	11	
72	5	236	
70	28	97	
5	76	67	
62	22	39	
2	60	241	
11	69	116	
35	54	282	
56	35	56	
12	35	157	
32	34	171	
62	13	117	
13	82	26	
3	88	282	
17	34	179	
21	74	124	
62	31	64	
1	71	245	
27	68	139	
16	35	268	
23	33	11	
33	65	186	
28	45	35	
70	12	281	
65	10	262	
42	24	156	
58	27	279	
57	29	181	
16	72	168	
88	6	39	
1	74	52	
29	50	206	
60	28	240	
47	12	169	
15	40	145	
75	7	160	
22	65	147	
13	61	67	
14	34	276	
29	43	140	
23	56	103	
68	28	78	
28	33	284	
3	57	48	
37	49	199	
19	32	100	
7	87	172	
37	52	197	
35	47	167	
43	31	7	
25	38	239	
23	65	98	
31	65	218	
52	19	76	
38	46	156	
21	35	255	
30	69	227	
47	49	172	
48	37	229	
37	56	226	
44	20	292	
16	50	300	
15	45	45	
60	36	47	
29	42	133	
25	58	297	
24	47	26	
32	20	155	
79	16	41	
50	41	249	
43	8	112	
73	25	178	
66	18	113	
24	36	40	
32	42	291	
24	64	132	
4	76	218	
47	15	182	
12	69	99	
5	92	188	
70	16	207	
6	84	89	
88	10	154	
75	7	151	
31	55	293	
23	57	181	
48	13	164	
11	61	255	
39	46	254	
14	75	162	
26	72	291	
24	52	283	
37	29	218	
38	44	297	
3	64	200	
39	32	75	
34	51	34	
53	38	254	
26	24	12	
29	56	266	
56	38	255	
28	17	53	
1	62	134	
68	14	219	
49	34	123	
54	22	169	
67	32	115	
73	16	143	
54	12	66	
43	18	234	
38	20	201	
32	33	70	
19	54	203	
60	32	177	
17	32	87	
9	51	102	
31	28	94	
22	57	164	
27	51	157	
25	44	193	
27	66	74	
4	83	287	
6	54	33	
4	69	151	
47	21	83	
41	57	227	
12	69	28	
36	33	110	
35	47	75	
70	19	122	
5	91	97	
22	69	155	
69	8	165	
39	24	94	
21	51	173	
42	6	154	
48	28	101	
17	76	78	
49	38	219	
2	77	158	
4	83	143	
77	8	21	
82	7	269	
76	22	283	
79	20	12	
12	80	68	
21	43	238	
43	51	34	
11	42	165	
39	33	54	
37	49	276	
38	46	9	
35	30	13	
11	62	228	
33	12	251	
52	8	49	
1	85	279	
63	27	120	
20	45	47	
64	34	215	
18	75	12	
27	49	61	
58	29	92	
9	68	287	
62	23	289	
17	32	260	
16	31	22	
22	70	236	
20	40	252	
4	68	33	
18	34	218	
49	10	150	
16	40	58	
8	69	256	
10	47	114	
32	16	203	
8	62	286	
11	35	147	
60	39	246	
49	38	183	
47	16	167	
22	29	260	
33	54	275	
50	32	228	
79	7	142	
29	31	166	
77	8	22	
59	24	173	
37	37	243	
39	59	232	
1	83	276	
44	5	31	
53	38	98	
43	33	192	
35	21	39	
69	15	205	
16	75	265	
61	27	240	
11	77	70	
58	25	198	
31	63	31	
56	24	29	
64	27	199	
79	13	268	
39	60	261	
35	28	114	
38	44	275	
1	95	171	
23	62	180	
60	29	277	
54	15	126	
49	29	201	
1	45	40	
42	8	138	
3	58	121	
45	53	122	
27	47	136	
56	39	11	
31	64	200	
29	55	139	
78	5	241	
44	23	2	
27	21	200	
50	34	107	
68	14	257	
23	64	137	
36	9	226	
60	28	300	
48	41	87	
18	58	249	
10	35	11	
25	46	103	
52	12	82	
66	6	52	
46	45	3	
34	21	261	
19	56	52	
2	61	299	
49	42	197	
48	48	210	
47	21	154	
52	33	29	
24	60	136	
24	56	28	
55	27	247	
4	91	7	
7	49	97	
41	39	69	
47	52	142	
61	38	57	
15	80	31	
17	33	239	
12	59	179	
41	18	267	
15	50	6	
61	35	89	
14	53	300	
26	19	166	
7	87	77	
53	29	22	
26	40	145	
30	35	250	
76	12	112	
45	11	300	
46	23	263	
54	32	236	
22	68	188	
52	35	271	
3	59	298	
22	63	87	
22	51	197	
9	47	31	
2	59	119	
26	51	73	
38	19	258	
32	64	173	
34	32	124	
11	76	104	
10	66	41	
35	53	80	
65	28	111	
38	39	224	
35	31	247	
32	57	42	
27	72	136	
59	36	289	
51	33	297	
60	23	240	
60	26	261	
29	25	154	
32	20	244	
43	29	26	
37	51	29	
17	49	86	
24	51	157	
18	61	221	
22	23	62	
66	33	234	
84	15	36	
73	18	248	
24	59	24	
35	49	206	
11	80	282	
50	43	254	
9	41	177	
35	39	86	
35	44	155	
70	6	181	
16	63	249	
18	55	213	
33	51	297	
20	25	134	
5	51	277	
44	55	44	
44	53	184	
51	44	178	
22	68	181	
2	69	295	
2	75	177	
28	25	291	
49	33	96	
38	49	93	
61	6	290	
63	26	234	
81	15	108	
33	41	61	
73	10	137	
69	23	164	
40	15	40	
71	9	204	
18	52	64	
28	50	123	
5	75	64	
37	50	11	
82	14	239	
11	85	109	
15	46	241	
65	32	264	
22	59	254	
8	59	86	
7	91	35	
56	20	15	
29	44	182	
54	25	234	
32	42	231	
72	13	109	
22	54	115	
11	47	209	
28	47	2	
31	43	237	
48	26	207	
42	15	124	
32	28	284	
9	61	286	
57	42	157	
6	78	248	
34	48	280	
38	55	261	
74	21	49	
75	20	40	
43	45	204	
55	8	142	
14	43	274	
15	34	224	
37	32	148	
25	55	280	
64	25	26	
31	28	202	
82	11	265	
12	82	217	
7	71	173	
28	36	129	
46	25	14	
26	46	95	
13	79	266	
33	20	61	
45	26	295	
25	42	295	
16	43	252	
39	12	128	
68	19	75	
3	92	105	
73	22	172	
32	37	188	
31	68	199	
73	22	247	
13	53	61	
59	18	94	
35	20	271	
20	76	115	
15	76	53	
26	51	37	
13	48	293	
62	29	188	
8	69	260	
27	64	229	
54	38	13	
39	36	76	
33	18	50	
31	44	57	
72	14	53	
86	7	168	
48	23	243	
20	30	225	
74	5	87	
47	37	56	
16	78	103	
10	49	96	
55	40	24	
59	30	15	
19	48	74	
66	29	63	
53	16	7	
42	9	241	
59	16	281	
51	10	39	
12	74	83	
34	33	222	
14	47	46	
84	14	232	
35	26	270	
55	21	47	
25	63	71	
41	24	11	
30	57	42	
73	25	2	
53	26	83	
18	46	188	
51	5	65	
7	88	174	
23	69	43	
38	21	160	
10	86	42	
40	37	33	
18	63	197	
24	73	244	
26	39	74	
29	22	246	
49	8	241	
21	63	67	
12	87	278	
36	49	189	
73	13	130	
28	63	93	
12	40	21	
62	22	104	
3	94	95	
20	55	276	
16	61	220	
44	7	98	
26	43	130	
15	54	138	
25	71	61	
25	43	82	
54	40	139	
87	9	218	
1	81	9	
57	10	103	
62	8	253	
60	14	296	
83	8	182	
7	78	72	
63	6	144	
77	12	190	
23	69	32	
16	83	25	
37	34	46	
28	30	193	
43	42	283	
71	27	15	
13	65	229	
28	37	105	
24	49	94	
77	19	152	
19	58	300	
19	48	193	
17	65	185	
42	39	245	
62	11	67	
47	27	265	
26	61	247	
54	12	37	
9	39	295	
10	54	105	
35	37	212	
41	35	88	
20	78	282	
40	18	103	
25	52	102	
10	56	48	
80	12	126	
17	72	300	
1	96	89	
41	27	158	
42	51	288	
71	28	190	
1	97	176	
6	50	300	
33	43	49	
14	33	5	
87	10	251	
3	66	206	
49	27	27	
45	43	250	
28	27	23	
11	58	55	
36	30	155	
23	45	71	
40	45	68	
55	29	239	
55	42	141	
93	5	91	
38	53	165	
82	14	117	
46	38	212	
22	43	281	
31	51	204	
19	30	215	
27	47	78	
30	63	86	
7	77	24	
47	36	130	
2	54	226	
23	67	121	
13	43	79	
16	55	37	
31	25	181	
78	9	187	
14	81	134	
12	74	156	
34	22	232	
24	60	255	
42	19	22	
62	16	143	
51	23	128	
25	45	256	
14	58	81	
3	44	54	
5	80	190	
50	35	214	
11	82	212	
51	48	201	
42	25	157	
14	48	123	
6	56	138	
47	46	299	
13	50	195	
21	72	101	
4	53	288	
48	25	236	
15	66	97	
17	71	185	
53	44	52	
30	29	255	
62	28	278	
40	39	150	
76	7	83	
26	64	28	
82	15	8	
56	31	56	
37	40	250	
4	86	22	
42	52	11	
1	74	199	
26	24	126	
47	34	150	
21	33	91	
43	25	80	
30	35	14	
17	66	106	
21	43	91	
28	39	50	
33	12	21	
52	41	39	
54	34	293	
49	16	19	
9	65	61	
48	29	98	
4	95	11	
9	37	136	
29	43	44	
28	49	201	
60	18	150	
27	70	66	
36	12	25	
1	66	228	
7	38	157	
46	19	264	
16	82	230	
5	86	106	
23	62	219	
28	17	141	
56	41	119	
31	23	113	
70	17	238	
66	6	28	
37	32	165	
50	6	158	
33	58	268	
52	37	41	
11	68	52	
31	44	174	
57	31	22	
61	21	4	
63	20	295	
13	49	139	
76	21	184	
38	30	260	
51	46	236	
5	87	133	
52	9	35	
43	52	184	
49	42	223	
30	40	142	
41	39	290	
32	36	9	
16	54	143	
43	5	247	
58	28	227	
64	19	300	
29	34	70	
54	16	2	
39	6	59	
55	30	100	
59	21	167	
47	34	217	
12	53	168	
65	23	275	
37	14	93	
34	45	55	
55	37	97	
41	56	107	
81	10	272	
60	27	239	
60	27	138	
12	57	102	
49	14	253	
50	16	192	
34	18	256	
62	10	214	
5	77	217	
20	48	230	
1	91	12	
22	67	20	
38	27	140	
26	36	252	
7	53	67	
31	32	171	
26	24	208	
9	52	56	
17	75	209	
25	43	114	
17	72	160	
33	33	269	
34	49	221	
22	60	129	
10	58	211	
61	33	49	
58	39	73	
23	61	255	
16	66	198	
9	44	186	
78	21	297	
5	85	109	
6	49	286	
2	43	5	
65	27	298	
8	46	271	
4	63	134	
53	36	210	
10	51	271	
6	72	171	
28	51	31	
37	36	162	
7	42	176	
30	39	114	
24	34	101	
74	7	221	
2	86	81	
56	21	233	
62	8	59	
33	65	46	
48	15	38	
33	13	145	
38	39	63	
67	6	65	
20	32	194	
22	45	291	
10	44	98	
13	71	64	
60	16	159	
34	56	240	
37	19	236	
44	37	113	
18	36	293	
53	11	183	
50	38	198	
7	88	8	
49	17	36	
49	18	190	
41	37	65	
36	25	157	
20	42	257	
11	74	288	
73	19	210	
28	42	235	
46	5	183	
33	64	250	
45	50	238	
62	27	96	
27	43	130	
49	44	230	
37	26	194	
39	52	36	
38	42	11	
6	73	75	
25	64	278	
30	37	162	
17	76	2	
43	8	232	
33	25	262	
47	35	165	
2	59	127	
21	59	208	
3	61	136	
16	65	191	
55	25	95	
19	72	84	
20	69	240	
57	24	131	
51	30	174	
44	26	199	
30	55	142	
16	58	208	
12	46	120	
69	27	161	
11	53	300	
73	8	169	
12	71	201	
79	16	94	
83	9	26	
27	66	66	
88	9	189	
19	64	30	
50	48	34	
63	26	108	
80	19	196	
35	14	209	
25	66	5	
68	15	152	
28	28	268	
2	84	41	
20	28	66	
63	28	227	
44	29	227	
56	11	167	
71	16	166	
26	48	31	
40	43	262	
1	95	75	
28	68	222	
4	72	7	
65	17	282	
41	54	10	
22	38	34	
33	43	86	
39	57	243	
45	11	295	
56	14	89	
34	50	98	
35	46	22	
59	7	78	
25	32	70	
66	5	285	
2	83	16	
77	12	176	
4	62	156	
65	15	128	
39	32	271	
8	54	230	
50	49	181	
25	25	59	
79	16	41	
17	34	190	
41	53	69	
2	61	266	
51	38	92	
36	25	228	
9	39	248	
59	11	175	
39	52	114	
27	71	38	
34	53	266	
42	49	117	
36	60	75	
54	28	107	
52	12	79	
5	85	284	
18	56	107	
51	25	73	
8	78	252	
74	8	296	
50	36	251	
61	9	108	
25	69	107	
3	84	205	
40	54	162	
75	7	123	
15	30	71	
26	55	83	
65	12	159	
35	32	35	
4	64	11	
19	74	255	
2	65	287	
11	50	189	
37	23	92	
9	83	71	
59	28	298	
20	40	130	
28	63	10	
35	64	199	
52	22	144	
34	13	233	
61	32	180	
29	18	139	
27	42	101	
29	41	11	
59	25	191	
50	49	13	
32	18	278	
23	58	110	
12	39	51	
1	78	56	
30	50	165	
17	73	179	
16	33	217	
37	27	135	
28	26	272	
28	70	14	
1	97	88	
49	6	99	
24	70	81	
66	8	99	
65	10	91	
31	30	107	
13	36	149	
21	43	231	
73	25	186	
7	64	248	
46	51	105	
6	41	244	
30	62	2	
25	62	255	
43	13	297	
38	52	289	
51	9	162	
57	26	284	
9	62	130	
15	62	262	
29	31	182	
64	26	190	
11	69	264	
29	64	288	
2	45	13	
19	69	224	
23	62	232	
17	41	69	
26	49	300	
28	19	214	
49	44	165	
25	57	168	
29	21	123	
4	55	180	
15	46	247	
52	18	74	
24	24	228	
52	20	246	
79	17	37	
28	27	121	
42	14	271	
39	21	135	
1	80	143	
61	14	231	
82	14	125	
30	29	232	
43	9	128	
34	39	181	
8	43	26	
39	29	98	
57	37	136	
20	46	177	
60	8	50	
8	39	262	
43	39	245	
47	13	227	
30	24	75	
37	32	246	
20	32	219	
40	33	96	
22	63	29	
43	38	6	
53	39	219	
80	19	62	
71	12	289	
9	79	258	
23	29	243	
50	43	123	
49	24	52	
65	12	200	
77	21	280	
13	33	77	
57	10	229	
24	57	46	
55	26	224	
30	65	131	
43	49	224	
40	41	26	
11	88	225	
29	43	88	
3	69	184	
53	26	29	
65	18	38	
60	34	167	
22	38	290	
64	10	52	
50	15	58	
32	50	82	
37	16	101	
24	40	3	
29	56	159	
39	32	139	
29	40	142	
30	16	193	
28	62	214	
27	24	187	
37	48	127	
62	36	49	
48	23	281	
36	35	162	
13	77	129	
26	39	17	
34	53	148	
13	63	170	
46	16	257	
26	51	85	
38	27	221	
32	58	107	
5	44	64	
74	6	159	
49	24	99	
22	36	280	
5	40	76	
46	20	105	
7	59	70	
7	89	241	
66	26	107	
42	26	172	
42	51	59	
30	30	193	
33	53	84	
63	18	231	
49	45	160	
27	69	92	
33	40	39	
12	71	281	
36	29	268	
25	21	154	
80	13	280	
48	29	292	
28	27	204	
58	33	178	
48	30	97	
1	91	125	
28	68	235	
11	44	174	
23	43	246	
29	58	123	
4	69	223	
38	26	165	
1	86	260	
59	40	50	
12	45	83	
5	58	248	
42	35	202	
65	10	275	
43	23	172	
13	85	282	
48	46	289	
44	27	299	
7	85	179	
70	8	202	
29	20	40	
7	62	81	
5	46	158	
21	60	172	
78	15	58	
78	17	128	
55	21	276	
94	5	269	
12	78	87	
67	22	8	
56	6	63	
27	20	183	
17	61	9	
51	6	254	
33	23	57	
10	70	255	
57	31	133	
77	10	299	
21	74	197	
72	19	108	
4	44	290	
66	11	78	
13	64	67	
33	21	199	
15	31	144	
41	12	111	
68	20	262	
39	11	45	
38	7	96	
28	51	261	
51	17	262	
47	26	265	
41	35	205	
75	13	14	
16	80	151	
7	79	21	
66	13	31	
23	26	189	
75	13	144	
4	57	36	
37	55	29	
51	39	83	
7	92	47	
79	7	108	
23	76	217	
27	33	9	
29	26	188	
32	24	293	
42	33	62	
9	85	210	
3	60	256	
42	8	167	
31	63	7	
52	7	266	
2	61	190	
61	5	17	
27	62	270	
14	35	109	
27	49	58	
22	35	4	
52	12	119	
79	18	116	
49	6	182	
52	6	189	
78	21	109	
39	16	161	
11	50	41	
27	53	170	
60	33	120	
23	40	5	
22	61	231	
33	39	288	
3	95	173	
19	72	39	
31	32	181	
53	44	73	
5	83	258	
35	52	44	
60	36	298	
64	13	257	
45	7	2	
10	79	58	
12	37	300	
42	22	170	
55	21	29	
48	28	260	
36	15	121	
35	25	298	
70	10	165	
7	55	159	
62	5	17	
14	67	66	
41	26	103	
52	10	166	
11	36	76	
11	34	87	
41	42	113	
63	28	20	
32	57	144	
2	69	94	
21	39	150	
33	12	90	
43	45	242	
27	23	26	
16	67	82	
47	17	64	
84	10	111	
9	70	45	
46	47	106	
43	19	146	
55	39	296	
61	17	146	
84	8	260	
20	38	177	
27	37	13	
45	8	133	
42	39	120	
9	80	234	
39	49	20	
50	45	184	
4	76	223	
41	23	9	
16	72	173	
32	32	183	
19	74	44	
41	23	196	
34	60	211	
60	20	123	
49	49	281	
30	35	116	
47	30	150	
69	6	210	
34	61	255	
40	32	32	
39	31	27	
42	44	156	
33	30	282	
51	7	108	
1	61	270	
3	89	168	
41	12	286	
8	58	24	
68	30	43	
2	59	143	
21	63	154	
53	22	97	
17	38	82	
2	55	207	
3	55	13	
2	62	80	
8	51	143	
26	50	44	
11	60	99	
40	6	247	
27	69	240	
21	63	86	
34	44	222	
13	61	68	
64	15	66	
36	57	236	
2	49	8	
53	21	121	
46	5	150	
33	65	264	
81	16	91	
43	15	14	
64	26	40	
5	43	94	
4	78	103	
42	7	43	
13	76	134	
35	30	128	
22	46	231	
14	59	146	
32	29	82	
41	24	6	
42	6	35	
59	16	18	
39	15	72	
25	23	62	
41	56	49	
32	63	2	
53	7	295	
65	22	19	
42	9	96	
22	33	280	
42	44	150	
37	29	88	
50	8	186	
20	53	289	
41	33	153	
56	43	215	
17	41	63	
11	38	142	
16	31	81	
30	66	125	
27	40	127	
38	22	112	
24	40	171	
23	72	193	
5	92	227	
12	63	168	
44	14	260	
5	90	290	
59	5	248	
77	17	219	
14	79	56	
6	67	270	
16	83	126	
52	16	127	
50	30	286	
89	9	55	
35	31	170	
12	34	288	
75	14	144	
53	27	74	
47	35	130	
77	15	26	
62	36	9	
36	35	52	
7	64	194	
26	30	119	
14	50	223	
56	26	40	
80	9	107	
57	25	92	
44	43	76	
18	54	24	
33	47	91	
40	53	162	
25	68	192	
51	25	238	
39	51	260	
8	52	194	
7	79	255	
39	32	266	
33	12	94	
68	30	27	
60	22	13	
59	38	232	
71	23	198	
3	94	278	
2	48	137	
27	43	43	
19	56	50	
33	58	151	
18	33	73	
30	16	114	
7	84	95	
41	10	160	
33	40	24	
79	5	96	
21	72	260	
88	5	155	
16	36	257	
58	16	41	
40	59	287	
52	31	107	
81	15	98	
14	54	184	
34	62	148	
11	57	90	
11	46	191	
48	35	150	
1	92	237	
29	16	221	
54	18	138	
17	29	113	
22	62	26	
3	54	27	
77	10	99	
7	80	43	
63	30	177	
49	19	17	
21	39	22	
10	57	45	
43	22	206	
90	7	167	
79	19	66	
22	43	244	
14	38	80	
37	62	180	
10	59	159	
16	68	22	
1	84	181	
23	44	80	
48	51	70	
17	70	101	
38	46	271	
13	85	62	
31	14	237	
43	29	194	
16	51	125	
26	29	67	
7	57	2	
34	38	267	
22	23	59	
14	61	207	
17	46	124	
25	56	202	
38	21	208	
35	47	160	
46	31	140	
10	46	158	
19	46	231	
26	32	51	
8	39	3	
34	15	225	
5	65	222	
8	39	83	
17	65	69	
33	47	277	
4	52	273	
31	41	189	
26	62	82	
11	73	176	
88	5	222	
27	69	251	
34	38	265	
1	80	101	
1	79	151	
2	50	193	
15	84	96	
55	41	27	
40	48	185	
22	42	1	
21	47	113	
6	58	257	
55	22	43	
31	62	110	
16	30	1	
42	38	255	
46	19	177	
21	68	279	
9	76	30	
44	43	176	
59	10	259	
54	27	114	
32	34	98	
19	65	35	
16	43	151	
77	5	193	
8	69	265	
86	12	266	
8	83	109	
12	56	170	
29	33	287	
88	7	16	
10	67	90	
34	46	299	
6	58	183	
45	43	168	
40	27	106	
40	19	219	
72	12	153	
17	41	53	
58	10	154	
21	38	231	
43	55	238	
4	70	231	
9	67	6	
20	44	173	
23	38	200	
49	28	147	
48	48	187	
52	26	48	
22	77	173	
17	59	69	
29	24	198	
9	68	248	
16	70	155	
20	66	64	
17	55	30	
33	49	166	
61	32	116	
24	75	134	
57	40	213	
5	53	200	
26	49	29	
22	26	56	
7	57	177	
24	52	156	
50	28	119	
41	11	249	
7	56	185	
75	18	199	
11	70	48	
16	41	211	
33	33	23	
5	43	40	
47	37	52	
67	5	169	
32	50	62	
22	59	37	
56	7	12	
77	6	26	
19	46	49	
36	26	208	
37	44	253	
31	29	176	
20	54	210	
50	36	84	
1	58	25	
45	51	235	
5	78	29	
65	10	269	
26	57	177	
48	47	110	
54	37	238	
55	8	55	
67	23	120	
38	27	87	
12	49	230	
52	26	168	
58	27	273	
1	63	77	
23	33	21	
34	58	128	
9	76	87	
60	35	53	
28	19	126	
54	21	79	
35	17	267	
28	55	228	
51	45	93	
22	41	214	
26	70	225	
22	33	18	
44	37	12	
7	40	108	
35	49	41	
53	29	72	
30	48	94	
82	10	116	
47	51	256	
2	84	155	
8	78	259	
18	75	279	
38	57	252	
17	28	56	
58	13	48	
14	80	291	
74	20	200	
32	38	165	
64	8	148	
11	85	17	
45	28	195	
23	33	167	
15	37	133	
44	38	131	
43	29	125	
58	10	241	
36	36	162	
40	43	4	
77	8	290	
16	71	209	
23	64	138	
61	14	112	
32	48	294	
34	25	279	
31	46	60	
28	41	249	
67	11	146	
12	64	201	
31	61	161	
60	5	174	
55	6	248	
2	66	267	
56	9	43	
38	25	229	
53	28	284	
4	74	27	
26	66	20	
5	72	278	
67	5	191	
49	23	13	
54	45	221	
47	45	176	
29	56	203	
40	26	17	
60	35	261	
23	23	24	
5	49	33	
8	87	256	
36	12	75	
46	42	145	
40	29	119	
40	35	87	
5	67	70	
41	10	44	
26	26	189	
25	42	145	
28	54	60	
55	20	282	
18	37	110	
39	18	186	
73	7	28	
32	24	49	
6	63	275	
8	59	288	
47	19	277	
29	33	130	
31	50	299	
52	34	117	
20	75	283	
34	33	183	
31	60	70	
27	64	178	
18	46	36	
41	58	297	
43	6	167	
43	55	35	
26	37	123	
36	56	226	
38	48	119	
30	17	268	
71	23	207	
39	7	14	
31	31	245	
30	51	133	
62	17	254	
10	37	282	
1	88	249	
68	24	109	
54	17	121	
82	17	79	
35	60	106	
25	36	5	
42	17	101	
84	15	110	
30	27	20	
68	27	46	
32	29	105	
38	16	194	
26	62	148	
44	29	224	
41	19	170	
7	67	3	
10	70	274	
13	86	225	
71	16	230	
24	67	264	
37	16	94	
44	8	157	
20	77	196	
60	9	255	
17	66	241	
25	40	180	
17	67	63	
5	66	69	
45	40	11	
18	47	86	
57	35	151	
91	8	289	
13	56	268	
30	61	267	
92	6	200	
52	28	256	
9	60	165	
41	56	62	
12	81	275	
38	20	201	
14	84	117	
39	15	201	
65	12	175	
52	22	147	
12	85	263	
22	55	61	
7	91	45	
24	51	69	
24	40	102	
43	11	211	
32	47	117	
30	33	204	
55	36	28	
75	8	118	
83	14	296	
10	74	126	
40	44	215	
31	56	3	
69	20	234	
80	18	68	
42	11	271	
71	12	125	
13	67	120	
23	32	145	
31	45	198	
42	26	237	
44	7	232	
29	48	198	
5	55	240	
59	25	253	
67	15	157	
19	27	225	
12	65	95	
2	45	262	
28	28	117	
43	52	40	
69	27	270	
11	66	29	
25	70	182	
12	61	11	
9	78	26	
30	51	53	
56	18	81	
17	46	249	
33	44	196	
50	49	120	
31	59	11	
22	72	62	
38	41	293	
49	20	179	
41	58	56	
9	51	52	
10	84	100	
11	54	99	
48	5	195	
32	52	281	
67	8	193	
51	42	183	
5	94	93	
33	44	130	
53	23	300	
41	35	290	
16	63	28	
48	21	173	
77	16	164	
15	81	224	
3	89	282	
38	29	265	
62	35	99	
18	54	293	
7	48	181	
37	26	267	
50	26	173	
11	52	59	
67	18	211	
27	56	76	
68	18	180	
78	19	293	
48	7	224	
4	89	197	
81	16	108	
14	44	142	
55	6	187	
21	64	31	
45	42	212	
68	22	182	
43	14	213	
22	77	34	
12	48	47	
32	64	107	
36	10	54	
39	36	127	
7	47	77	
10	85	47	
12	60	299	
85	8	64	
23	40	92	
36	53	139	
59	31	93	
8	64	108	
59	33	118	
65	28	64	
45	48	221	
32	62	180	
44	52	50	
14	69	111	
41	8	298	
28	36	2	
47	12	79	
21	48	220	
24	40	214	
40	30	134	
20	70	177	
9	47	224	
15	59	273	
26	56	12	
34	52	199	
17	73	63	
3	60	79	
39	13	107	
19	80	223	
74	8	39	
33	41	290	
8	44	13	
14	79	258	
29	49	247	
62	27	132	
29	60	112	
34	12	200	
42	20	131	
26	55	166	
70	25	230	
31	39	42	
19	63	69	
36	50	107	
1	61	113	
4	84	212	
56	5	249	
68	22	133	
7	69	133	
20	33	20	
29	24	5	
50	28	65	
39	27	156	
20	38	44	
85	9	14	
63	19	20	
20	29	223	
22	23	144	
39	59	208	
12	68	19	
13	46	190	
8	73	1	
10	84	88	
25	61	100	
38	17	299	
44	7	209	
43	16	230	
38	53	81	
44	36	3	
5	72	204	
36	36	264	
55	20	74	
92	6	55	
21	24	129	
62	6	66	
17	29	30	
52	45	237	
46	49	246	
40	11	99	
33	15	17	
32	13	197	
47	16	271	
48	23	185	
67	17	176	
57	42	15	
19	41	101	
79	8	64	
29	31	234	
7	78	94	
55	7	149	
8	63	119	
1	54	154	
6	58	256	
23	31	152	
14	65	208	
56	39	56	
8	46	77	
14	37	1	
32	17	77	
17	80	20	
61	25	128	
36	49	12	
78	20	262	
4	68	11	
27	51	175	
52	29	56	
29	57	113	
66	29	41	
3	87	216	
10	38	143	
44	55	102	
48	50	78	
86	10	74	
50	44	65	
31	56	40	
57	38	169	
84	6	87	
9	63	14	
73	19	239	
30	18	261	
12	49	72	
62	5	204	
37	12	254	
32	63	242	
47	5	161	
53	22	173	
22	58	194	
65	21	17	
39	35	5	
63	18	88	
51	38	281	
12	56	211	
79	11	197	
21	67	274	
47	17	183	
13	78	184	
61	5	187	
84	6	139	
32	14	288	
10	58	136	
44	15	53	
80	9	6	
28	47	76	
77	11	221	
54	27	281	
40	40	189	
46	35	254	
5	47	157	
53	42	279	
37	50	148	
25	69	163	
40	9	114	
72	18	123	
29	59	124	
17	34	82	
41	7	52	
30	30	218	
33	40	7	
13	51	261	
25	34	50	
7	45	151	
31	48	118	
1	61	2	
88	8	156	
50	12	260	
69	30	261	
47	7	201	
84	6	286	
15	40	151	
10	50	23	
21	41	112	
38	37	155	
28	63	200	
17	71	64	
73	21	248	
24	70	82	
20	69	260	
22	62	112	
38	26	10	
21	50	113	
82	10	133	
65	15	66	
42	38	211	
64	17	21	
37	32	71	
48	25	208	
27	40	24	
25	36	216	
42	44	237	
58	35	216	
23	53	235	
14	63	139	
38	35	52	
27	51	122	
77	9	131	
63	12	188	
19	45	149	
1	75	228	
39	15	152	
62	11	295	
45	42	109	
30	30	79	
52	31	233	
11	41	238	
60	13	218	
37	38	110	
8	59	202	
10	56	25	
26	21	106	
48	28	221	
45	19	57	
5	58	178	
33	39	149	
21	42	92	
19	33	55	
18	59	21	
46	33	9	
18	56	143	
57	5	80	
57	41	134	
13	36	113	
3	93	182	
40	16	283	
25	41	88	
72	11	231	
5	47	179	
51	8	84	
61	38	142	
49	29	121	
57	5	31	
44	14	28	
47	9	164	
17	69	13	
47	35	102	
59	25	31	
66	22	25	
53	44	254	
14	50	277	
34	63	253	
34	45	121	
13	61	87	
29	33	139	
26	33	116	
18	77	18	
58	27	69	
2	53	43	
20	53	18	
28	41	174	
53	40	78	
9	71	13	
31	25	146	
56	24	23	
68	11	230	
1	48	135	
24	28	214	
39	20	268	
13	83	200	
33	36	158	
7	63	297	
33	35	223	
5	60	212	
90	9	36	
57	8	257	
55	41	81	
75	14	45	
47	32	24	
46	50	234	
52	41	123	
29	21	156	
9	53	3	
2	56	186	
18	78	119	
66	8	286	
34	63	227	
64	31	13	
33	27	264	
58	23	112	
7	45	70	
43	42	169	
15	71	196	
35	31	108	
45	21	92	
31	19	201	
11	64	146	
13	37	13	
66	19	248	
42	42	135	
27	37	102	
45	13	177	
16	44	221	
43	40	238	
15	30	94	
9	58	217	
1	58	45	
56	5	234	
59	27	242	
53	21	55	
36	22	59	
20	32	212	
42	9	222	
61	20	31	
17	59	105	
12	53	169	
28	60	263	
1	68	4	
34	40	273	
21	71	71	
72	14	137	
64	6	84	
5	92	93	
51	14	222	
5	74	221	
5	52	49	
45	24	100	
22	29	59	
24	33	212	
1	63	248	
34	23	269	
62	16	206	
37	54	292	
21	70	90	
61	18	169	
18	73	47	
79	20	27	
54	20	40	
59	5	300	
11	68	114	
15	32	10	
26	19	85	
78	19	291	
38	17	135	
46	25	236	
35	38	257	
35	59	41	
59	26	292	
17	47	230	
20	65	61	
60	36	167	
80	11	184	
25	53	201	
1	80	110	
31	51	241	
83	6	224	
3	50	146	
33	33	199	
32	28	73	
65	16	132	
8	76	278	
43	54	111	
46	10	223	
22	67	156	
26	49	280	
37	10	1	
34	41	4	
72	20	118	
35	60	69	
49	14	70	
32	14	238	
67	27	134	
32	22	100	
53	33	50	
56	13	171	
25	27	284	
6	84	145	
39	42	275	
45	27	161	
42	29	207	
67	11	59	
59	21	85	
37	21	298	
39	34	218	
57	33	220	
13	79	231	
59	18	229	
23	64	113	
1	93	96	
28	19	28	
45	47	107	
76	11	246	
20	36	195	
11	48	53	
42	12	92	
20	39	102	
34	19	244	
35	26	227	
49	41	256	
4	94	56	
78	16	224	
47	12	158	
35	10	213	
8	61	167	
30	42	89	
37	55	160	
7	49	130	
43	37	84	
35	36	220	
67	31	249	
19	62	142	
27	61	226	
29	20	214	
37	55	75	
1	90	4	
48	15	170	
63	27	122	
28	47	104	
45	32	143	
55	33	291	
81	7	150	
24	26	298	
32	67	18	
45	23	276	
13	63	1	
31	18	23	
55	16	172	
11	43	43	
51	46	249	
54	9	160	
48	28	58	
12	80	153	
46	42	194	
25	40	65	
40	15	115	
37	19	37	
31	66	33	
5	68	132	
8	75	274	
57	23	55	
44	52	186	
36	60	167	
47	17	78	
4	66	57	
33	63	175	
58	40	204	
39	54	114	
60	16	17	
70	29	203	
9	58	64	
17	32	287	
37	59	127	
47	16	288	
56	17	227	
56	35	226	
14	61	78	
45	5	240	
25	29	197	
46	27	137	
22	33	272	
27	35	54	
57	35	83	
46	24	125	
51	25	31	
57	26	274	
14	55	57	
28	70	115	
7	92	199	
62	22	100	
34	11	224	
31	19	183	
58	21	116	
65	8	265	
1	75	231	
39	60	83	
80	8	274	
78	10	295	
51	43	200	
72	24	42	
41	27	11	
2	78	169	
34	24	24	
49	17	190	
6	50	236	
27	66	34	
22	24	147	
57	34	181	
57	14	152	
45	43	155	
59	29	60	
72	25	285	
64	17	191	
41	45	134	
17	62	61	
47	11	85	
8	78	97	
19	74	49	
59	20	47	
23	24	194	
24	24	121	
13	62	211	
31	29	226	
49	33	78	
1	56	299	
81	14	256	
30	58	105	
18	47	255	
26	42	4	
37	31	70	
16	72	275	
38	40	106	
43	26	230	
46	11	223	
5	71	244	
28	61	11	
13	36	217	
4	65	10	
66	15	64	
16	46	108	
4	71	141	
44	5	94	
20	50	148	
2	79	156	
45	39	294	
5	85	153	
7	46	127	
51	43	66	
76	15	73	
46	20	169	
38	50	114	
64	27	300	
11	52	280	
12	84	160	
6	83	198	
91	7	234	
14	55	191	
89	5	260	
44	31	28	
40	33	250	
58	19	75	
9	78	41	
58	36	260	
60	24	274	
35	63	101	
20	33	104	
28	49	240	
40	8	233	
44	13	111	
50	32	67	
5	42	141	
16	81	132	
46	9	279	
86	8	16	
29	23	299	
70	11	168	
22	24	96	
35	13	118	
26	41	155	
1	86	288	
4	64	161	
42	44	291	
23	74	196	
25	37	63	
1	62	98	
67	31	167	
3	68	101	
40	47	170	
85	5	86	
50	15	66	
60	34	124	
42	51	113	
81	18	293	
44	39	53	
34	24	116	
29	23	123	
10	51	159	
44	15	64	
5	74	29	
53	21	50	
15	48	278	
22	24	55	
9	59	138	
14	58	252	
47	42	169	
37	41	235	
43	17	138	
27	20	211	
34	42	202	
29	62	63	
46	47	291	
75	23	62	
42	16	184	
29	26	189	
17	49	197	
48	35	39	
37	30	298	
25	25	203	
44	21	148	
38	24	12	
13	76	176	
59	36	19	
7	61	13	
5	71	204	
10	88	198	
6	60	199	
21	48	205	
10	89	44	
2	62	96	
23	48	233	
43	24	254	
38	34	241	
19	39	163	
36	30	113	
44	9	202	
52	23	182	
52	25	158	
6	44	19	
35	55	40	
33	16	268	
46	27	173	
27	60	218	
8	63	108	
3	68	60	
6	84	138	
21	39	186	
9	46	46	
22	76	14	
63	13	200	
41	8	275	
39	21	100	
30	69	41	
25	26	254	
14	40	148	
22	44	45	
66	6	225	
13	74	73	
57	11	95	
46	45	285	
33	16	269	
53	11	5	
20	71	291	
15	45	4	
43	9	52	
63	11	14	
30	55	172	
4	63	234	
64	27	178	
35	46	36	
40	27	192	
53	41	86	
29	40	147	
5	73	61	
71	7	287	
16	70	72	
31	28	99	
19	32	26	
83	10	95	
62	25	243	
62	28	224	
17	66	103	
14	64	193	
64	21	195	
72	14	227	
25	45	182	
75	9	87	
44	29	92	
32	48	269	
57	24	219	
48	25	217	
18	40	248	
45	14	138	
1	90	6	
71	19	3	
56	19	88	
18	52	111	
35	29	65	
54	26	193	
31	48	264	
1	60	207	
21	63	166	
37	34	28	
2	93	220	
75	21	112	
12	85	37	
48	44	14	
27	63	135	
33	54	57	
30	39	52	
80	18	164	
26	32	190	
60	13	80	
27	51	264	
36	37	47	
9	41	253	
5	47	260	
66	33	241	
3	45	217	
40	30	70	
12	63	25	
39	10	222	
18	37	235	
16	68	79	
30	43	227	
17	53	70	
31	49	221	
52	12	44	
62	11	68	
57	11	289	
10	66	252	
74	6	142	
33	58	26	
23	46	199	
11	38	16	
31	32	230	
1	85	101	
69	25	35	
60	26	70	
20	41	71	
16	31	255	
9	89	55	
82	12	180	
34	11	111	
29	36	31	
23	30	100	
57	26	242	
7	60	107	
57	20	22	
9	75	27	
59	23	171	
63	24	177	
29	64	91	
84	13	56	
5	40	214	
39	47	44	
43	14	212	
31	42	88	
27	51	283	
33	22	115	
26	62	286	
45	36	218	
57	8	218	
37	10	175	
73	19	76	
2	70	120	
28	48	42	
42	33	250	
50	25	144	
53	17	88	
30	27	223	
28	25	244	
71	15	77	
64	10	133	
69	25	53	
37	22	203	
57	32	22	
49	31	200	
28	29	202	
45	18	174	
38	58	209	
33	54	184	
31	45	40	
51	46	169	
9	55	22	
15	73	291	
38	7	202	
18	71	244	
4	78	250	
69	5	198	
59	10	68	
5	81	250	
67	21	217	
78	21	207	
32	20	131	
16	45	171	
9	59	77	
16	72	119	
55	8	50	
21	48	217	
4	66	143	
10	47	116	
14	66	253	
13	48	43	
60	24	50	
84	15	88	
35	15	57	
82	9	156	
37	12	279	
12	64	2	
8	55	297	
26	21	92	
29	52	227	
5	63	46	
75	14	166	
31	29	98	
9	63	202	
29	34	237	
44	10	123	
37	47	271	
29	34	153	
26	26	162	
4	44	18	
64	16	171	
46	17	98	
42	27	18	
41	18	239	
91	5	248	
48	43	283	
34	21	188	
34	56	185	
67	11	154	
5	87	97	
89	9	6	
25	68	144	
34	25	191	
22	25	50	
10	73	131	
9	42	13	
45	52	99	
28	28	189	
1	75	11	
34	18	217	
58	20	55	
31	49	55	
65	30	41	
57	9	273	
29	66	92	
48	37	30	
2	81	282	
72	24	123	
29	30	11	
16	43	92	
37	40	149	
9	69	83	
13	85	48	
36	42	10	
61	35	250	
71	10	228	
45	51	254	
78	17	67	
16	61	230	
62	17	135	
55	12	83	
29	51	279	
51	7	226	
58	30	45	
33	54	263	
28	25	231	
49	10	266	
41	44	18	
5	50	209	
70	24	285	
53	34	146	
32	40	16	
20	50	296	
64	35	210	
12	62	69	
29	43	227	
69	14	214	
21	78	62	
73	11	116	
44	46	106	
32	15	31	
66	22	236	
58	29	237	
27	57	27	
17	30	78	
71	12	129	
9	84	14	
22	53	56	
63	18	69	
28	44	194	
48	42	8	
71	5	240	
44	37	108	
11	58	37	
50	14	127	
10	76	107	
37	51	50	
11	87	103	
14	54	55	
48	24	146	
55	15	6	
26	28	148	
40	38	23	
14	80	84	
66	10	104	
26	48	2	
23	39	152	
61	6	269	
16	51	48	
2	82	144	
82	9	101	
42	16	97	
13	32	38	
54	16	115	
90	8	41	
26	60	28	
7	64	13	
57	27	231	
7	69	40	
40	35	164	
43	42	88	
14	37	25	
54	40	24	
57	29	89	
5	73	157	
10	60	66	
26	50	25	
27	52	244	
10	37	216	
15	78	141	
63	33	14	
50	15	232	
25	72	17	
9	87	55	
38	46	27	
46	15	77	
67	21	185	
55	7	231	
65	12	69	
53	10	89	
25	55	162	
12	55	217	
25	61	15	
53	14	244	
16	51	250	
80	7	166	
33	17	237	
41	52	174	
28	44	262	
18	62	116	
7	70	48	
29	55	36	
47	12	34	
47	15	285	
41	39	136	
70	6	170	
53	20	254	
58	9	270	
42	53	136	
4	87	236	
8	46	1	
54	24	160	
35	26	300	
53	17	5	
30	58	71	
47	50	237	
66	22	190	
54	18	236	
60	31	238	
51	48	168	
4	93	161	
72	19	64	
67	30	129	
71	17	255	
24	65	136	
19	80	281	
35	16	30	
40	18	80	
1	71	207	
41	20	263	
76	23	159	
12	49	124	
80	10	171	
38	30	56	
24	25	32	
11	87	167	
4	53	189	
58	40	163	
47	23	177	
19	71	215	
69	13	208	
32	35	128	
11	85	271	
69	22	109	
75	9	28	
10	43	241	
24	23	87	
58	21	29	
39	13	118	
57	20	251	
27	21	180	
44	47	284	
39	38	288	
2	58	207	
61	34	280	
27	64	3	
46	40	241	
15	79	51	
51	46	25	
34	31	292	
26	36	264	
11	63	198	
17	69	95	
22	35	221	
21	37	7	
32	38	166	
25	29	132	
30	35	192	
54	17	222	
20	28	240	
10	60	125	
52	30	27	
28	41	67	
67	21	107	
27	62	123	
18	62	69	
44	32	180	
36	18	289	
22	50	212	
64	18	81	
37	8	274	
27	64	87	
21	42	190	
30	59	266	
61	23	71	
22	23	194	
16	60	236	
38	15	199	
30	66	218	
27	31	200	
16	64	183	
14	79	10	
28	71	36	
34	49	9	
26	62	241	
23	23	120	
10	49	229	
17	56	115	
66	32	36	
29	69	210	
39	39	95	
29	25	235	
40	35	122	
37	62	149	
28	32	64	
55	15	299	
78	18	128	
2	94	107	
44	7	161	
27	70	45	
58	24	43	
36	23	139	
62	30	92	
38	44	259	
83	15	270	
12	87	189	
35	17	34	
10	85	119	
47	19	15	
40	19	11	
61	8	283	
14	62	276	
49	37	160	
49	25	59	
18	60	230	
54	14	42	
50	49	287	
38	39	4	
33	32	270	
70	6	86	
60	13	130	
9	43	217	
30	48	126	
43	55	119	
83	8	163	
6	80	240	
33	40	18	
69	14	198	
29	56	69	
31	37	254	
22	63	107	
47	21	89	
10	37	143	
62	35	22	
62	12	250	
56	41	147	
27	66	47	
30	28	222	
17	52	54	
21	40	97	
39	54	136	
45	52	154	
16	78	107	
2	66	282	
25	55	262	
29	45	93	
24	35	56	
9	52	39	
21	35	220	
78	9	161	
46	38	295	
28	33	162	
26	57	26	
42	20	214	
47	5	59	
48	38	70	
11	36	185	
48	18	295	
56	30	25	
15	40	147	
21	67	42	
8	57	92	
20	32	243	
25	65	256	
61	15	198	
51	13	112	
57	42	233	
5	83	123	
64	18	253	
62	37	296	
20	63	193	
21	77	49	
30	20	6	
73	7	293	
35	56	178	
71	23	6	
27	71	23	
57	38	70	
23	68	297	
12	42	47	
72	13	285	
20	26	39	
60	37	50	
87	5	212	
32	58	46	
47	45	267	
31	18	112	
9	61	180	
7	63	103	
10	43	200	
27	62	102	
36	30	61	
6	68	268	
47	12	55	
34	14	88	
23	46	238	
16	53	187	
12	82	98	
51	37	8	
40	56	42	
2	66	30	
10	40	273	
32	49	266	
30	39	27	
48	31	294	
67	15	141	
78	9	81	
19	34	76	
56	39	135	
31	67	11	
51	35	161	
20	74	5	
30	40	85	
17	43	295	
26	25	156	
21	62	191	
27	57	72	
66	20	9	
39	22	204	
71	8	201	
3	56	268	
5	43	192	
25	43	78	
65	13	198	
34	57	142	
34	43	146	
65	16	172	
49	14	210	
34	42	225	
40	40	33	
24	49	67	
45	9	139	
25	43	85	
30	60	111	
1	87	262	
28	65	223	
23	40	111	
73	16	278	
40	19	111	
41	36	93	
52	16	131	
31	25	223	
40	9	60	
16	44	17	
16	62	203	
58	23	14	
39	54	254	
20	31	142	
2	89	300	
5	72	196	
9	51	86	
57	15	210	
17	78	300	
4	73	256	
30	26	101	
58	20	85	
40	12	209	
43	9	106	
19	38	245	
9	46	13	
44	46	12	
38	10	72	
17	79	284	
31	61	136	
54	24	254	
56	26	114	
42	13	282	
72	18	38	
74	20	193	
2	72	114	
58	24	121	
90	5	16	
6	77	115	
65	5	81	
35	17	56	
23	26	126	
2	69	87	
66	9	103	
35	33	70	
6	59	290	
27	54	31	
76	21	50	
9	58	43	
27	64	102	
43	25	30	
19	33	42	
24	37	108	
7	78	137	
4	94	126	
4	47	14	
7	68	238	
45	9	198	
54	26	115	
35	10	8	
42	26	45	
51	21	74	
56	40	106	
13	45	132	
18	31	181	
46	46	173	
12	80	72	
72	22	51	
7	39	54	
28	21	193	
5	47	107	
48	39	80	
42	11	170	
50	38	66	
34	54	38	
44	10	10	
23	45	123	
11	36	41	
18	52	135	
79	14	28	
55	10	36	
69	8	109	
3	52	80	
39	19	196	
7	69	160	
9	44	153	
24	64	53	
32	19	61	
29	60	86	
42	44	182	
70	24	164	
17	33	101	
15	84	122	
22	59	148	
91	5	154	
31	53	116	
24	73	101	
35	13	144	
34	29	26	
46	15	26	
6	73	22	
23	25	139	
64	12	35	
46	25	57	
51	11	55	
57	17	192	
9	85	97	
78	13	22	
54	8	52	
45	14	185	
81	16	178	
36	41	198	
16	45	157	
48	27	113	
52	20	175	
15	33	42	
11	44	31	
52	18	33	
53	19	150	
87	8	1	
7	64	100	
28	44	25	
22	70	58	
25	31	102	
33	34	97	
36	39	111	
51	30	149	
17	63	53	
42	47	4	
32	67	197	
39	15	143	
26	31	136	
61	8	88	
26	55	190	
58	11	76	
42	34	183	
28	34	124	
4	46	155	
4	87	196	
42	21	147	
17	44	124	
53	26	191	
7	82	4	
56	21	72	
10	72	78	
17	49	121	
50	25	194	
1	76	6	
15	49	37	
72	8	30	
32	32	196	
86	12	10	
35	51	164	
23	45	24	
39	59	49	
49	21	124	
21	44	104	
62	7	165	
15	68	107	
44	11	12	
75	22	37	
57	38	99	
11	63	53	
47	37	119	
65	9	138	
78	5	138	
25	59	190	
18	36	108	
7	61	10	
26	61	120	
89	5	59	
55	17	8	
83	5	31	
40	19	170	
32	27	14	
23	48	167	
52	29	33	
24	54	86	
62	14	99	
38	57	76	
27	52	200	
70	20	145	
84	13	82	
44	41	196	
38	51	32	
3	55	55	
38	30	128	
33	43	22	
23	34	80	
9	37	151	
11	67	69	
63	32	59	
35	15	111	
38	7	140	
48	26	191	
25	42	1	
8	87	104	
82	13	69	
36	13	81	
7	71	12	
63	27	100	
13	37	93	
36	42	107	
25	43	82	
42	17	48	
47	11	101	
60	24	166	
40	16	5	
16	32	109	
6	84	105	
62	32	69	
59	20	126	
2	49	59	
22	41	109	
29	29	75	
53	30	13	
14	76	155	
43	52	115	
18	69	79	
51	42	102	
40	28	159	
84	11	177	
69	7	56	
86	6	78	
81	11	102	
80	14	56	
24	28	133	
10	63	131	
28	69	138	
2	50	119	
48	22	194	
55	21	75	
15	78	86	
58	28	86	
22	58	71	
76	22	46	
16	59	200	
6	48	39	
39	46	31	
27	38	188	
24	40	108	
62	34	94	
50	36	61	
31	57	74	
37	14	45	
55	25	151	
61	37	107	
46	22	106	
15	38	58	
22	77	136	
53	33	69	
31	43	144	
61	19	168	
6	89	191	
18	65	149	
42	45	152	
17	57	80	
29	68	5	
42	55	61	
28	35	12	
22	67	144	
6	45	167	
14	58	110	
19	48	50	
22	77	180	
71	19	162	
11	60	149	
38	18	168	
31	29	97	
27	43	86	
26	29	195	
15	68	196	
6	60	103	
27	47	1	
35	48	81	
29	53	71	
35	37	48	
34	11	3	
36	18	67	
36	54	11	
14	56	39	
49	16	58	
70	23	6	
9	65	163	
15	39	169	
6	73	24	
15	53	171	
33	34	150	
36	29	54	
40	16	127	
8	74	197	
48	29	18	
23	45	78	
58	25	53	
26	70	96	
15	82	176	
92	7	126	
23	31	59	
40	17	192	
12	58	113	
20	54	111	
20	38	64	
1	88	200	
19	73	122	
43	54	33	
51	28	166	
42	34	107	
15	83	183	
43	11	126	
22	40	69	
17	36	183	
56	25	5	
45	19	61	
50	11	74	
55	39	199	
29	41	14	
23	75	101	
32	38	1	
18	32	187	
10	72	41	
11	71	60	
52	20	21	
22	48	186	
59	32	90	
78	8	192	
17	80	74	
12	86	39	
53	35	92	
86	8	96	
35	17	79	
89	8	86	
50	9	38	
30	63	78	
38	32	128	
46	30	104	
37	42	182	
66	14	88	
26	53	147	
29	42	71	
6	51	164	
18	51	19	
76	13	77	
59	32	140	
21	35	49	
74	5	62	
74	6	48	
42	40	75	
27	31	8	
91	6	24	
23	44	152	
8	42	85	
25	31	15	
54	33	79	
49	35	66	
48	30	156	
15	33	71	
69	13	37	
44	38	174	
13	86	39	
3	66	76	
11	43	26	
7	45	177	
72	8	36	
60	37	68	
19	39	112	
36	33	194	
21	36	184	
58	37	54	
33	16	139	
43	51	69	
35	59	82	
41	45	21	
33	31	85	
45	43	92	
5	85	3	
42	8	104	
25	48	184	
31	46	20	
70	8	127	
2	96	199	
13	63	178	
29	46	12	
81	12	86	
37	34	61	
35	50	151	
16	44	16	
27	70	82	
3	73	199	
48	25	24	
51	45	141	
35	44	9	
16	50	185	
31	61	179	
9	75	107	
8	62	150	
40	34	55	
16	66	197	
33	57	6	
48	32	45	
15	31	84	
26	48	135	
7	87	24	
43	32	64	
17	34	4	
39	15	132	
75	16	177	
10	41	51	
2	50	110	
32	19	84	
33	45	150	
31	67	122	
20	66	48	
52	19	113	
45	26	41	
11	38	135	
35	42	59	
49	33	37	
14	65	123	
1	91	139	
29	31	159	
84	6	49	
42	20	69	
49	29	9	
62	19	53	
68	21	100	
23	42	170	
36	51	81	
48	17	137	
17	61	195	
2	44	87	
4	68	176	
57	40	77	
61	17	60	
22	54	197	
28	33	133	
63	9	88	
1	72	153	
69	15	6	
26	33	11	
25	34	44	
52	6	76	
4	50	14	
14	85	27	
24	51	13	
36	26	26	
35	41	166	
29	35	129	
15	72	22	
49	41	43	
39	26	124	
4	86	184	
56	28	78	
44	42	27	
12	53	161	
67	14	194	
31	19	19	
12	35	167	
53	12	179	
16	64	47	
51	15	115	
55	41	136	
54	44	74	
42	52	178	
25	37	121	
49	47	189	
81	10	20	
37	33	37	
18	70	174	
18	33	142	
73	16	195	
6	40	174	
24	47	162	
18	51	38	
6	57	33	
40	40	184	
41	27	9	
85	8	137	
6	90	164	
31	50	103	
61	20	166	
38	58	175	
14	60	90	
10	36	112	
38	25	68	
33	28	174	
24	27	159	
34	54	107	
25	50	154	
6	42	80	
6	66	37	
28	41	81	
2	59	149	
22	57	92	
31	54	86	
35	24	61	
33	49	9	
15	40	64	
17	57	166	
36	17	148	
7	43	193	
5	60	113	
42	54	15	
15	44	114	
66	30	100	
63	19	148	
19	29	37	
41	28	162	
42	37	12	
79	14	134	
42	38	134	
71	9	33	
79	9	150	
44	55	153	
3	66	50	
49	11	131	
2	80	36	
66	30	53	
11	63	44	
36	52	128	
53	44	69	
10	75	100	
11	48	126	
16	83	74	
42	17	150	
26	29	44	
40	14	159	
22	61	152	
14	63	142	
22	52	37	
21	57	22	
36	13	141	
30	44	95	
21	62	117	
81	16	103	
20	56	1	
30	15	142	
54	19	46	
37	23	6	
37	28	76	
49	47	41	
32	37	83	
26	41	90	
28	35	128	
1	89	8	
58	17	15	
14	42	183	
17	63	52	
47	10	163	
4	61	55	
20	38	136	
82	7	186	
64	20	46	
33	54	25	
52	23	176	
52	16	144	
5	81	8	
39	28	2	
10	37	175	
68	17	170	
42	14	101	
43	40	143	
12	44	45	
60	9	167	
36	60	157	
21	60	131	
21	52	158	
26	37	16	
27	38	146	
7	71	26	
28	18	174	
6	63	37	
10	48	161	
83	6	122	
34	18	117	
62	13	195	
39	58	152	
25	61	18	
43	19	192	
13	39	122	
78	8	102	
84	7	121	
68	20	52	
63	28	60	
4	92	152	
38	38	88	
30	45	161	
42	16	113	
48	27	134	
27	57	125	
32	60	101	
50	21	81	
62	30	165	
18	42	56	
23	33	191	
62	21	192	
16	30	68	
22	25	21	
12	58	63	
76	17	81	
45	43	193	
56	20	53	
30	30	126	
16	31	77	
58	34	48	
70	8	199	
2	52	74	
9	64	152	
38	21	120	
52	46	25	
62	11	96	
58	32	192	
36	47	52	
53	46	104	
24	28	147	
30	64	109	
6	43	195	
23	33	148	
34	20	16	
20	67	145	
35	36	44	
17	36	107	
6	47	7	
5	50	8	
1	82	151	
56	22	46	
17	44	158	
36	26	33	
1	70	129	
70	14	184	
18	34	186	
6	83	41	
15	76	146	
57	40	25	
47	24	116	
51	20	134	
73	6	151	
47	10	90	
32	40	63	
70	11	55	
35	24	198	
41	27	20	
8	71	80	
48	45	16	
34	46	191	
32	25	167	
28	59	42	
19	41	1	
59	31	124	
39	23	146	
63	17	2	
13	69	119	
31	68	65	
22	53	171	
9	88	170	
68	20	13	
19	41	112	
41	26	182	
46	15	77	
47	52	108	
72	27	101	
3	57	127	
36	63	96	
57	11	178	
3	62	118	
16	32	13	
55	43	195	
38	60	129	
2	73	62	
40	57	89	
60	13	90	
58	22	149	
8	86	156	
12	54	187	
26	24	85	
74	21	1	
87	10	198	
22	36	120	
12	63	63	
54	17	64	
29	36	111	
42	23	32	
17	70	50	
16	33	74	
28	24	160	
15	81	24	
14	76	70	
18	37	87	
45	22	147	
53	5	112	
10	58	107	
16	78	15	
39	10	68	
57	6	150	
88	5	76	
14	84	29	
1	44	126	
29	48	53	
47	47	126	
70	13	20	
76	19	141	
9	89	58	
86	12	130	
3	84	159	
54	45	108	
41	13	62	
88	8	106	
61	11	147	
17	71	3	
66	16	57	
58	8	179	
32	13	22	
39	15	3	
68	31	125	
16	80	23	
39	41	185	
39	48	53	
27	19	116	
31	53	152	
37	34	22	
28	17	161	
55	39	53	
9	47	97	
67	7	36	
15	79	78	
17	41	129	
52	5	189	
35	44	35	
10	80	56	
47	51	130	
89	8	189	
11	34	132	
17	69	101	
36	53	191	
16	59	33	
48	51	4	
19	46	171	
1	78	81	
46	26	94	
33	28	164	
27	35	101	
34	24	83	
36	18	135	
57	8	77	
50	43	96	
66	30	35	
66	19	190	
72	21	23	
16	48	165	
78	14	125	
80	13	11	
52	29	104	
22	34	147	
60	37	9	
59	27	48	
16	59	104	
15	36	199	
6	68	137	
22	67	185	
88	10	98	
62	32	110	
62	18	146	
67	26	130	
92	7	56	
83	16	194	
37	19	106	
45	9	103	
58	30	35	
30	19	89	
28	51	127	
55	35	200	
52	46	42	
70	18	158	
38	46	88	
3	81	102	
2	66	113	
53	10	26	
52	7	178	
55	20	76	
76	21	114	
5	69	184	
50	24	155	
32	19	113	
47	10	185	
57	24	122	
54	30	141	
5	90	158	
43	22	102	
82	11	93	
47	31	92	
65	15	26	
21	73	120	
38	45	72	
12	76	75	
11	54	130	
61	30	1	
13	58	36	
63	15	111	
23	66	78	
26	19	70	
10	61	173	
15	78	129	
46	23	52	
33	63	140	
8	62	55	
51	43	192	
32	18	18	
3	91	4	
12	61	147	
36	10	77	
37	33	153	
7	81	92	
25	54	4	
35	13	33	
35	18	13	
30	55	193	
35	11	2	
47	15	21	
27	49	135	
35	50	57	
3	69	82	
58	14	13	
31	31	176	
77	10	159	
87	8	28	
4	73	55	
35	38	158	
13	65	167	
62	28	194	
16	50	139	
48	40	119	
28	40	12	
61	28	179	
22	30	67	
80	8	54	
8	57	66	
13	32	103	
33	30	109	
22	50	26	
42	36	12	
40	7	179	
25	68	161	
18	58	120	
20	25	55	
58	26	197	
11	51	28	
33	64	153	
54	36	138	
34	23	26	
12	69	97	
11	71	103	
27	70	2	
65	15	131	
40	43	72	
43	26	173	
16	59	167	
57	21	56	
16	45	5	
55	42	25	
2	86	128	
13	60	61	
14	59	79	
21	56	78	
39	15	44	
42	24	1	
43	52	50	
28	23	141	
31	42	17	
13	59	71	
63	17	86	
19	63	48	
67	7	12	
4	53	107	
61	7	190	
24	62	150	
58	22	193	
29	49	115	
33	28	99	
36	41	1	
79	8	134	
80	17	50	
57	34	85	
60	39	91	
55	12	50	
11	46	87	
19	43	22	
3	94	200	
3	42	17	
47	19	109	
5	79	44	
32	53	106	
19	31	33	
26	52	2	
3	86	52	
39	10	46	
33	62	95	
2	87	32	
21	62	85	
15	56	142	
2	53	49	
54	7	80	
36	54	187	
29	58	148	
20	47	107	
17	46	77	
53	42	43	
37	34	142	
29	29	132	
37	34	150	
40	52	51	
14	40	105	
3	49	103	
71	19	3	
65	17	94	
41	18	151	
38	53	152	
20	74	44	
3	59	126	
1	83	48	
37	54	131	
28	33	168	
49	12	66	
8	60	122	
74	19	144	
4	91	34	
26	43	108	
12	38	63	
68	25	61	
19	44	181	
6	68	171	
29	29	168	
37	22	113	
27	32	63	
4	43	129	
59	37	78	
13	65	115	
35	15	147	
64	8	160	
63	32	82	
57	8	94	
68	25	169	
41	39	162	
81	9	14	
12	37	134	
35	63	143	
47	27	22	
77	18	195	
16	80	157	
10	58	159	
1	83	44	
65	10	21	
55	21	18	
3	75	198	
24	22	11	
37	49	153	
45	28	174	
78	16	141	
35	10	156	
33	51	86	
19	76	46	
80	5	2	
20	67	143	
39	56	103	
50	27	1	
8	74	60	
4	44	176	
68	8	158	
40	5	84	
2	85	117	
74	22	11	
15	84	188	
21	70	176	
14	44	95	
5	72	45	
9	66	9	
69	10	158	
13	35	155	
11	59	86	
51	11	54	
54	15	17	
65	29	79	
65	9	76	
26	65	57	
86	11	74	
8	41	48	
47	18	48	
52	8	116	
3	42	29	
45	41	131	
11	57	136	
48	21	86	
30	58	69	
35	33	2	
22	66	163	
44	24	187	
6	92	72	
53	35	86	
77	14	190	
17	58	155	
5	89	84	
28	70	168	
24	69	10	
42	37	118	
10	66	87	
2	52	39	
5	88	155	
19	48	30	
4	87	88	
58	31	183	
62	27	78	
11	71	101	
65	20	155	
11	79	37	
15	40	83	
42	12	15	
78	5	123	
75	17	57	
74	11	200	
4	81	93	
57	31	159	
47	41	1	
40	9	200	
85	10	169	
41	50	45	
13	58	26	
63	31	194	
40	27	26	
66	20	36	
28	68	196	
18	34	180	
55	11	152	
58	8	135	
20	25	128	
26	64	99	
13	86	39	
55	16	126	
48	27	26	
30	48	104	
31	24	164	
50	38	41	
47	39	146	
23	47	110	
33	16	157	
66	15	140	
14	69	92	
61	14	135	
33	57	152	
43	21	158	
37	12	138	
39	34	3	
9	51	96	
18	51	117	
54	40	143	
17	69	160	
52	42	75	
61	21	164	
67	22	33	
50	39	88	
69	28	158	
19	29	81	
61	12	58	
37	54	119	
61	29	186	
15	83	30	
35	13	146	
46	15	27	
74	11	122	
62	12	92	
39	37	147	
35	32	144	
13	86	32	
69	10	61	
73	26	137	
34	12	16	
12	72	46	
19	51	97	
28	44	70	
22	71	127	
1	46	105	
9	78	124	
19	68	195	
42	36	49	
17	35	48	
29	40	88	
2	71	198	
62	30	130	
33	59	137	
66	32	75	
70	5	25	
8	42	135	
75	10	118	
40	24	173	
31	50	93	
6	54	136	
38	38	144	
69	12	191	
2	52	195	
45	16	183	
74	23	164	
43	26	54	
39	16	101	
38	42	143	
42	25	48	
32	37	73	
50	37	132	
75	13	154	
27	47	16	
13	84	178	
6	56	44	
32	34	92	
17	50	107	
17	63	109	
32	26	108	
42	46	122	
14	78	59	
18	49	31	
24	44	102	
78	15	200	
36	43	118	
48	46	2	
35	41	117	
40	25	50	
51	26	155	
48	21	5	
5	69	133	
39	53	200	
33	22	162	
50	16	33	
44	13	104	
2	70	46	
44	35	110	
34	23	159	
67	7	93	
17	29	61	
69	22	109	
16	59	14	
38	51	127	
17	35	150	
10	51	33	
28	47	126	
10	79	34	
7	87	46	
32	52	14	
59	34	153	
85	11	179	
4	54	155	
14	43	166	
63	29	181	
17	37	32	
52	7	28	
47	42	59	
79	13	14	
10	59	45	
4	43	138	
31	19	89	
61	35	167	
52	45	118	
44	10	32	
28	36	103	
34	51	73	
13	37	43	
23	43	32	
32	49	54	
24	71	61	
57	29	39	
10	44	21	
25	37	35	
3	46	3	
24	23	120	
40	11	12	
22	59	84	
19	72	151	
7	77	89	
25	24	152	
13	76	13	
74	18	80	
57	28	197	
39	6	156	
55	44	66	
25	49	66	
5	91	108	
16	34	129	
52	34	33	
34	29	56	
23	69	17	
36	15	40	
60	29	75	
13	41	181	
12	67	25	
20	61	74	
79	17	144	
42	15	90	
19	48	173	
45	34	50	
11	64	188	
12	46	109	
24	45	143	
34	15	10	
38	45	45	
43	34	158	
46	45	170	
33	33	120	
79	6	34	
14	58	35	
17	78	169	
42	39	113	
65	24	28	
37	35	49	
14	66	145	
66	6	5	
61	20	50	
45	26	196	
78	9	110	
52	16	154	
17	35	102	
3	45	55	
20	62	194	
12	37	167	
41	46	117	
55	9	174	
34	29	33	
37	61	116	
38	33	197	
18	58	171	
2	91	104	
21	49	148	
21	38	159	
39	27	175	
57	42	92	
57	14	160	
42	34	157	
1	65	93	
5	94	171	
14	35	7	
37	61	83	
82	10	129	
58	30	17	
20	25	146	
16	78	29	
59	21	110	
51	27	198	
40	12	47	
61	15	59	
24	62	58	
41	20	120	
3	93	7	
57	41	142	
53	44	11	
15	51	137	
7	91	57	
25	59	115	
60	6	137	
76	21	91	
32	31	68	
38	42	68	
2	66	96	
50	15	167	
4	51	177	
22	57	180	
35	29	95	
23	51	141	
38	7	58	
66	23	32	
71	20	72	
48	50	154	
2	56	114	
69	10	12	
31	66	191	
64	8	196	
19	47	43	
43	43	9	
53	39	78	
8	67	127	
52	5	20	
11	75	61	
29	45	53	
26	45	74	
25	30	136	
41	13	103	
18	36	82	
85	5	200	
15	69	166	
40	26	51	
56	13	44	
37	41	56	
10	55	1	
6	88	22	
10	61	157	
57	26	123	
22	77	140	
28	27	15	
63	14	24	
66	8	103	
7	49	79	
51	26	51	
48	41	70	
47	48	117	
50	15	116	
39	9	157	
29	61	195	
60	33	187	
27	49	44	
26	36	72	
5	47	125	
38	13	115	
27	67	55	
47	18	181	
53	42	171	
49	12	23	
45	16	35	
8	73	35	
43	19	66	
52	19	177	
15	54	106	
42	11	164	
31	64	12	
21	55	108	
57	24	144	
14	82	139	
2	64	11	
66	6	136	
43	44	180	
87	10	138	
44	25	118	
22	65	39	
9	72	120	
4	49	65	
55	15	36	
29	38	95	
21	56	184	
29	67	113	
42	26	163	
51	12	111	
8	57	22	
11	81	38	
3	81	165	
39	14	113	
10	65	36	
55	29	23	
2	55	55	
6	55	16	
64	33	103	
69	22	131	
87	11	11	
51	45	76	
48	32	172	
12	78	29	
59	10	83	
88	5	108	
62	17	156	
43	5	91	
48	16	177	
54	21	2	
71	26	52	
32	23	105	
49	6	17	
4	60	192	
20	66	155	
36	38	114	
20	40	199	
50	36	86	
48	45	3	
43	9	151	
29	44	25	
31	57	126	
18	38	190	
27	48	137	
72	12	14	
23	24	155	
35	47	145	
14	58	190	
33	54	134	
16	39	181	
48	23	110	
54	18	177	
11	41	200	
70	24	29	
20	67	180	
42	55	54	
28	67	96	
28	53	23	
82	5	164	
75	20	132	
36	9	164	
38	39	200	
45	6	192	
42	53	66	
52	11	55	
4	87	126	
48	21	83	
6	61	104	
26	35	170	
44	51	194	
40	59	196	
21	63	137	
80	5	155	
25	57	178	
51	31	115	
37	16	77	
49	13	79	
51	28	156	
1	73	148	
20	33	181	
38	13	126	
31	15	4	
7	42	75	
5	75	17	
25	55	172	
16	64	24	
30	24	118	
2	86	192	
21	61	81	
75	16	185	
59	13	100	
44	39	105	
18	64	75	
29	44	36	
4	54	175	
36	34	140	
39	20	54	
26	70	196	
56	19	189	
27	44	91	
62	37	22	
23	71	42	
14	37	44	
40	30	49	
45	48	35	
19	52	30	
63	19	62	
19	46	22	
19	29	102	
37	15	157	
7	89	21	
44	16	168	
5	94	61	
30	26	37	
16	55	138	
49	20	130	
54	22	180	
44	11	21	
65	25	3	
53	45	72	
8	66	98	
65	22	133	
49	11	13	
18	44	153	
59	5	160	
17	71	196	
20	79	195	
39	32	102	
42	54	58	
19	73	39	
75	14	91	
89	6	107	
7	81	47	
39	43	52	
47	46	124	
55	23	199	
24	23	146	
48	18	158	
35	25	81	
66	9	158	
23	58	133	
37	31	193	
85	6	66	
52	24	104	
33	32	116	
8	90	30	
38	39	155	
10	44	18	
9	45	29	
38	54	21	
25	40	188	
33	62	79	
65	22	126	
25	67	165	
70	6	130	
53	42	189	
44	10	88	
49	27	191	
2	80	90	
49	5	59	
55	17	62	
43	45	169	
20	61	94	
14	71	65	
10	76	82	
25	60	100	
3	94	194	
65	24	109	
4	45	106	
59	12	172	
17	53	75	
16	74	117	
10	41	157	
33	40	191	
49	34	53	
1	48	163	
61	34	89	
20	74	166	
60	35	105	
47	38	85	
23	27	123	
47	42	191	
9	78	86	
5	48	143	
46	10	112	
25	39	198	
48	35	80	
10	36	133	
80	18	155	
29	61	77	
68	7	18	
23	24	77	
38	44	27	
72	12	168	
15	69	54	
46	21	73	
78	8	59	
2	59	62	
22	56	86	
10	54	192	
67	12	92	
63	34	49	
55	38	100	
43	42	121	
49	48	38	
22	65	51	
61	14	167	
22	76	20	
1	93	77	
37	57	2	
17	71	53	
88	9	186	
22	45	16	
34	48	193	
27	21	109	
4	51	88	
31	17	69	
60	23	163	
33	47	184	
20	26	41	
5	81	53	
5	85	161	
68	9	47	
3	49	190	
51	48	40	
66	19	116	
68	16	141	
17	52	78	
38	51	92	
39	41	58	
36	31	60	
40	48	18	
36	27	193	
45	35	136	
28	35	175	
35	24	126	
52	27	149	
8	59	18	
22	45	58	
14	53	177	
32	14	191	
55	34	147	
36	31	55	
32	62	12	
1	90	23	
27	65	43	
34	36	123	
12	69	175	
27	59	117	
4	82	107	
60	37	146	
4	72	159	
43	47	15	
22	45	138	
16	38	82	
19	54	8	
32	26	188	
11	86	147	
24	62	34	
42	12	141	
23	58	58	
17	36	69	
26	36	96	
16	68	20	
63	28	98	
68	25	47	
26	38	49	
27	60	111	
55	23	62	
5	51	153	
34	65	20	
58	38	123	
7	67	115	
33	45	100	
13	70	115	
9	87	73	
85	10	127	
55	13	170	
78	17	193	
65	6	154	
22	72	96	
48	38	16	
16	63	67	
39	28	90	
67	25	118	
46	43	113	
10	79	106	
51	9	76	
14	57	199	
19	68	145	
58	18	193	
15	56	176	
78	15	37	
49	21	152	
31	45	163	
50	23	132	
31	60	67	
61	21	7	
26	42	100	
32	43	103	
47	21	57	
43	40	169	
43	15	198	
13	85	12	
43	50	77	
57	22	106	
67	16	57	
63	9	51	
48	19	153	
50	26	121	
16	59	56	
56	35	195	
7	80	117	
14	69	2	
56	22	81	
8	76	65	
3	61	59	
71	5	17	
15	74	118	
33	44	8	
21	62	22	
32	59	158	
31	60	165	
4	90	122	
28	43	157	
72	9	97	
56	30	52	
49	33	162	
54	36	91	
28	22	31	
64	7	175	
16	41	45	
57	10	165	
56	31	123	
80	12	50	
18	72	150	
7	82	77	
31	50	188	
28	62	169	
46	22	4	
17	46	105	
62	31	65	
80	5	46	
6	39	52	
23	49	52	
5	85	75	
29	24	38	
85	10	80	
6	51	124	
29	42	18	
63	11	200	
3	75	42	
9	40	113	
17	81	123	
75	13	40	
28	38	22	
16	32	130	
14	38	48	
68	21	56	
13	81	140	
13	54	182	
8	60	196	
55	31	5	
33	60	87	
33	59	39	
24	53	43	
35	22	8	
41	30	80	
3	74	17	
22	52	176	
10	53	121	
19	49	79	
32	46	96	
35	28	143	
41	6	118	
28	36	172	
20	74	198	
26	61	115	
28	56	144	
4	75	139	
57	41	30	
56	15	95	
40	21	7	
52	14	137	
74	24	178	
17	80	30	
17	65	76	
20	78	33	
28	52	11	
47	33	143	
68	24	109	
3	68	185	
41	31	100	
26	58	88	
49	13	11	
32	62	87	
62	24	126	
28	37	172	
39	51	66	
51	6	142	
14	51	55	
23	66	131	
6	41	179	
34	48	136	
15	56	145	
39	27	38	
23	70	153	
11	88	41	
25	67	180	
10	78	145	
54	30	16	
56	31	73	
72	7	160	
1	59	10	
38	25	33	
35	55	53	
48	40	44	
4	74	55	
64	5	60	
23	32	68	
62	13	89	
49	48	4	
3	76	4	
36	54	168	
41	21	97	
33	58	131	
1	84	2	
60	14	55	
12	39	179	
35	54	50	
52	24	189	
87	11	118	
28	29	56	
32	62	125	
53	23	101	
41	14	73	
15	81	183	
80	11	97	
91	8	128	
17	47	157	
41	11	181	
15	53	188	
47	42	137	
43	37	52	
27	64	161	
34	45	93	
12	80	164	
5	53	14	
34	48	167	
33	35	98	
14	55	134	
39	18	31	
26	61	125	
68	30	186	
25	64	29	
42	51	67	
71	21	43	
29	32	95	
40	31	7	
47	26	184	
10	88	86	
24	62	170	
45	16	185	
61	13	108	
8	87	53	
32	14	180	
39	10	109	
8	70	93	
22	68	5	
23	41	136	
27	21	5	
6	60	57	
41	48	60	
15	56	111	
52	23	9	
10	55	35	
47	11	10	
24	62	73	
54	35	169	
24	28	60	
31	39	140	
38	56	164	
53	37	57	
32	57	95	
69	18	133	
45	12	133	
31	39	63	
39	31	43	
85	13	156	
5	74	168	
4	85	176	
56	35	189	
25	57	61	
16	81	110	
65	20	194	
31	25	169	
11	75	1	
54	12	155	
11	64	178	
44	27	115	
38	51	25	
5	90	61	
13	48	192	
5	50	176	
48	24	9	
80	16	6	
67	14	195	
58	30	94	
33	60	3	
10	61	141	
80	6	69	
5	61	76	
81	5	129	
79	16	12	
65	5	106	
78	5	56	
20	75	118	
37	11	84	
41	15	185	
13	39	139	
43	11	48	
23	39	51	
53	38	110	
1	66	11	
60	25	94	
46	22	10	
30	32	183	
5	57	142	
27	28	14	
88	9	8	
12	50	44	
48	27	3	
44	49	129	
58	14	21	
18	67	29	
45	21	72	
