11	44	238	
59	37	68	
15	33	240	
27	29	186	
19	79	170	
29	30	108	
48	48	193	
1	46	158	
42	24	190	
29	43	91	
72	25	136	
42	10	183	
36	9	162	
23	41	218	
22	65	88	
59	20	248	
21	55	62	
10	76	135	
55	29	183	
36	60	252	
6	62	274	
50	18	230	
38	46	42	
52	37	64	
36	11	9	
26	40	25	
11	70	219	
51	42	241	
52	33	272	
30	46	277	
65	33	70	
4	49	273	
36	15	19	
56	15	42	
12	48	144	
35	28	265	
70	29	46	
70	9	143	
28	44	266	
18	58	33	
9	65	185	
27	62	140	
41	17	91	
2	66	91	
45	34	289	
19	29	81	
66	28	168	
6	93	133	
30	46	70	
26	39	272	
47	48	84	
55	39	52	
43	17	274	
57	20	286	
19	77	122	
35	39	254	
82	15	114	
6	69	276	
69	16	183	
65	8	42	
39	43	221	
30	61	268	
47	18	226	
46	40	11	
28	30	42	
34	21	95	
41	53	98	
13	72	112	
46	24	88	
24	37	229	
71	26	160	
44	30	260	
15	70	47	
23	32	115	
65	20	55	
34	32	44	
46	38	200	
26	61	123	
82	5	252	
69	16	294	
29	26	174	
63	31	151	
49	44	20	
49	15	102	
63	9	23	
63	30	273	
22	29	32	
13	37	196	
57	5	166	
11	38	183	
8	68	140	
52	22	73	
28	52	136	
31	27	185	
6	39	9	
51	47	126	
49	17	198	
63	31	18	
40	28	65	
50	37	18	
32	14	8	
36	45	52	
41	51	273	
12	83	262	
33	35	221	
32	44	24	
33	66	232	
39	59	138	
6	81	235	
55	10	125	
38	42	258	
52	46	255	
18	32	234	
1	98	85	
14	68	51	
20	31	212	
81	10	214	
50	33	203	
44	31	165	
75	15	198	
29	45	279	
17	31	292	
58	27	78	
80	16	113	
3	86	57	
41	29	191	
16	37	218	
4	77	207	
53	5	183	
74	13	135	
34	28	120	
43	34	28	
1	70	68	
28	69	177	
64	13	252	
56	19	116	
15	57	47	
42	17	262	
34	13	211	
49	8	299	
1	72	168	
20	45	277	
18	38	54	
3	87	169	
79	15	164	
70	7	260	
59	32	147	
40	30	178	
2	63	191	
40	28	139	
41	42	259	
50	35	238	
35	63	66	
1	72	152	
30	46	274	
43	24	109	
42	21	138	
12	58	196	
34	34	82	
29	26	227	
9	89	88	
36	36	99	
41	20	243	
18	66	298	
52	46	68	
21	33	288	
54	40	276	
57	38	257	
40	59	12	
63	12	207	
21	71	264	
27	40	256	
26	42	38	
39	8	202	
38	59	126	
71	17	133	
41	21	169	
37	40	58	
64	27	242	
49	14	23	
57	11	80	
70	7	144	
85	11	246	
4	79	202	
47	13	114	
55	38	64	
2	49	251	
46	21	218	
17	35	218	
40	27	1	
1	81	102	
28	52	154	
8	57	114	
41	23	85	
28	31	197	
14	54	106	
31	41	299	
16	62	133	
6	68	44	
18	81	209	
34	27	85	
27	40	140	
5	79	65	
36	56	126	
57	10	284	
77	14	73	
43	52	293	
86	6	129	
58	24	65	
14	79	192	
11	42	180	
27	31	34	
80	7	208	
65	20	242	
92	6	243	
22	23	185	
62	11	131	
9	68	258	
48	24	103	
41	50	295	
8	44	221	
6	48	241	
62	34	263	
2	72	246	
41	19	188	
46	43	103	
2	92	74	
10	48	11	
32	42	86	
3	71	8	
17	59	116	
38	23	21	
49	22	45	
37	18	102	
43	5	13	
41	19	66	
33	21	129	
64	25	53	
80	6	197	
4	75	89	
36	59	186	
24	65	194	
22	36	283	
62	33	25	
49	9	252	
32	48	20	
54	13	79	
14	68	121	
4	47	45	
53	35	148	
54	5	24	
62	37	230	
67	6	266	
2	91	298	
26	43	8	
12	63	291	
7	90	207	
38	7	164	
43	35	15	
54	12	292	
37	23	275	
2	62	240	
22	38	43	
55	6	32	
44	46	222	
66	24	12	
53	36	78	
46	16	121	
25	26	161	
67	32	169	
30	37	57	
23	45	156	
17	61	112	
8	85	169	
60	38	223	
12	35	218	
37	28	132	
12	36	51	
52	40	44	
60	20	1	
63	14	107	
48	38	206	
19	53	222	
26	47	240	
73	17	20	
52	26	46	
70	5	187	
1	86	147	
11	57	164	
32	58	148	
65	31	92	
30	21	16	
37	21	8	
50	20	32	
21	56	190	
13	32	263	
37	16	16	
33	34	230	
21	26	217	
34	33	256	
14	43	46	
2	93	69	
80	16	228	
50	30	137	
43	14	118	
16	45	287	
34	41	274	
24	46	216	
33	38	139	
23	30	279	
6	51	75	
10	85	249	
30	64	74	
63	22	194	
9	81	6	
3	67	195	
58	24	99	
7	75	173	
67	11	62	
25	48	240	
70	14	148	
55	42	131	
77	12	67	
65	11	244	
46	48	11	
74	24	52	
3	44	88	
40	55	71	
24	62	141	
41	32	103	
14	32	134	
27	40	217	
21	45	112	
12	60	36	
43	32	231	
19	31	266	
83	11	206	
82	13	243	
57	21	182	
16	70	5	
17	43	156	
36	20	100	
28	42	189	
20	31	12	
1	47	189	
21	53	31	
21	71	38	
20	59	199	
40	41	155	
43	13	97	
16	48	118	
63	26	246	
42	46	51	
75	22	121	
4	48	230	
23	59	35	
8	71	300	
46	39	221	
16	81	48	
31	40	119	
8	79	171	
18	64	223	
34	46	163	
29	23	98	
31	29	267	
13	76	156	
4	66	47	
26	39	48	
59	37	161	
37	42	204	
59	26	146	
37	15	200	
63	26	223	
5	76	272	
39	21	92	
40	54	23	
64	14	247	
6	78	55	
44	24	244	
29	61	189	
27	46	265	
1	66	27	
69	20	248	
34	18	212	
70	29	297	
42	22	155	
51	46	124	
69	17	153	
59	14	4	
23	30	180	
11	87	267	
60	32	114	
34	14	5	
73	12	27	
81	10	13	
15	61	118	
13	69	85	
53	17	159	
53	6	10	
48	41	80	
45	11	161	
39	14	200	
64	19	157	
41	26	76	
49	38	267	
32	30	252	
13	78	36	
21	43	187	
27	55	180	
22	39	141	
17	41	251	
67	28	49	
24	24	32	
23	74	274	
53	10	170	
47	26	65	
76	8	17	
58	18	292	
49	18	108	
14	77	220	
21	76	256	
17	43	205	
41	19	145	
39	56	280	
36	46	292	
29	39	237	
41	53	31	
41	7	266	
31	25	269	
46	22	106	
25	22	161	
81	8	167	
8	39	253	
73	22	138	
34	40	158	
19	41	217	
2	58	262	
15	31	147	
15	44	36	
41	36	55	
4	93	73	
41	13	12	
21	67	59	
43	16	13	
81	17	262	
43	36	102	
44	30	90	
33	52	30	
71	18	88	
9	85	12	
30	48	241	
8	64	126	
60	17	59	
80	14	210	
3	92	86	
25	34	224	
23	60	296	
45	21	232	
33	26	1	
57	41	239	
49	50	75	
14	75	274	
49	48	185	
32	24	125	
77	12	270	
21	24	225	
29	33	300	
38	61	49	
59	22	92	
73	12	64	
34	39	213	
34	52	215	
17	36	93	
31	48	67	
67	5	218	
34	65	31	
5	45	8	
6	60	151	
16	61	200	
9	46	43	
34	12	282	
6	93	291	
20	66	28	
54	25	152	
10	39	288	
41	53	97	
49	18	218	
70	11	2	
6	64	104	
14	35	78	
39	40	47	
28	18	217	
54	20	290	
72	7	118	
22	35	11	
73	13	285	
21	57	221	
19	29	11	
31	64	209	
63	26	183	
49	29	32	
23	38	52	
21	61	23	
13	67	222	
74	5	241	
24	29	69	
6	93	61	
14	37	5	
30	52	9	
6	43	138	
15	36	220	
11	38	95	
11	88	183	
30	21	115	
90	6	134	
75	10	67	
52	25	95	
28	44	85	
71	28	60	
36	56	79	
4	93	182	
24	52	289	
80	18	168	
27	38	123	
24	46	51	
75	14	28	
46	51	216	
24	71	294	
33	31	293	
41	43	120	
25	66	91	
7	57	202	
34	33	84	
64	16	61	
44	31	229	
17	70	239	
19	52	126	
58	21	2	
10	66	139	
42	46	123	
24	74	118	
47	26	75	
28	63	107	
65	13	281	
24	48	34	
8	61	126	
39	45	125	
35	12	50	
30	29	243	
18	53	230	
1	67	149	
24	40	133	
12	38	6	
79	9	202	
55	9	274	
29	37	181	
53	7	125	
36	14	128	
67	15	238	
55	11	199	
20	65	283	
65	21	228	
26	31	70	
80	15	27	
3	51	11	
19	32	103	
18	74	3	
44	15	64	
62	19	7	
4	60	300	
5	83	43	
14	65	151	
31	15	126	
47	36	194	
24	60	199	
18	77	206	
15	41	168	
26	58	142	
7	55	9	
19	53	58	
51	11	127	
29	45	94	
21	28	4	
90	9	282	
39	40	37	
41	14	141	
29	67	160	
33	43	257	
26	53	191	
87	8	208	
51	37	168	
37	21	122	
7	50	77	
23	74	202	
24	54	19	
35	16	18	
16	31	140	
4	55	71	
55	24	68	
60	22	116	
27	54	27	
18	38	120	
41	50	16	
52	37	120	
60	20	197	
34	55	14	
60	11	11	
40	31	121	
51	46	115	
56	16	176	
15	52	179	
54	18	10	
4	78	268	
14	84	5	
66	33	236	
31	52	238	
13	50	116	
17	52	189	
32	42	181	
13	41	211	
21	41	116	
28	24	183	
23	62	64	
36	18	29	
43	13	40	
13	67	288	
70	25	93	
69	26	36	
16	64	180	
77	11	64	
13	45	81	
81	13	13	
19	79	196	
37	16	67	
16	78	213	
33	32	178	
69	6	92	
29	18	278	
7	59	259	
24	28	239	
82	8	145	
24	55	291	
34	32	164	
11	40	263	
30	38	248	
3	57	224	
73	6	106	
40	36	99	
66	12	274	
53	43	194	
7	60	200	
40	48	83	
28	19	85	
1	63	103	
25	26	18	
31	38	213	
62	12	228	
24	59	130	
31	33	138	
36	35	38	
15	42	73	
42	41	229	
52	5	291	
66	21	243	
54	21	39	
27	33	166	
34	65	28	
21	59	155	
8	50	196	
2	50	293	
29	70	300	
57	31	246	
44	31	229	
69	24	195	
21	56	289	
6	44	3	
9	59	246	
23	72	246	
3	61	9	
23	71	126	
32	34	2	
69	17	140	
11	46	118	
42	27	185	
46	24	135	
1	72	198	
1	98	217	
12	87	256	
20	29	122	
93	6	293	
89	10	149	
28	70	126	
10	40	212	
87	9	208	
24	41	41	
61	21	60	
56	43	155	
38	53	79	
14	49	72	
30	21	300	
68	16	79	
17	53	138	
54	42	101	
10	69	37	
55	33	263	
64	19	295	
50	42	134	
5	89	158	
19	64	186	
46	28	180	
29	64	292	
57	33	293	
26	41	75	
46	29	127	
31	18	214	
9	70	180	
2	94	206	
51	5	61	
32	23	228	
40	38	285	
39	49	113	
71	18	243	
15	38	43	
7	38	177	
21	75	106	
15	61	143	
24	54	4	
58	26	19	
3	55	219	
34	14	206	
10	88	194	
72	8	90	
78	5	55	
8	88	187	
34	56	228	
15	62	21	
56	34	296	
28	71	294	
23	44	186	
30	42	124	
58	35	76	
6	85	235	
8	54	23	
29	51	92	
32	56	130	
87	9	200	
76	22	134	
35	37	140	
73	23	233	
13	63	217	
18	48	211	
27	44	256	
66	31	272	
20	26	84	
1	90	222	
6	40	54	
44	48	281	
14	44	176	
43	17	224	
51	6	120	
25	25	53	
10	70	108	
2	68	71	
66	18	246	
56	41	154	
77	21	288	
24	40	240	
9	40	52	
67	10	34	
22	32	293	
63	33	270	
93	5	135	
9	90	78	
35	39	292	
40	57	173	
33	19	126	
21	29	57	
31	33	86	
58	17	43	
14	80	22	
18	43	113	
33	33	225	
27	55	64	
88	9	176	
51	5	184	
70	18	193	
53	11	224	
43	14	287	
53	27	51	
53	13	299	
23	47	19	
28	24	201	
81	16	110	
28	20	13	
5	62	42	
18	48	129	
31	54	222	
25	27	238	
22	53	10	
32	34	271	
35	14	13	
10	42	59	
43	36	65	
21	60	150	
27	38	268	
3	95	208	
33	49	110	
73	8	11	
11	58	259	
31	51	22	
4	60	199	
27	61	243	
13	64	45	
66	5	118	
44	36	61	
48	9	264	
10	75	27	
15	40	42	
54	23	196	
28	40	278	
20	43	229	
44	36	128	
74	23	114	
77	22	101	
92	6	93	
47	11	66	
89	5	33	
48	25	64	
22	33	4	
38	43	251	
26	35	194	
64	32	39	
67	8	145	
10	79	3	
56	16	72	
2	84	75	
60	16	228	
16	45	240	
41	11	99	
12	71	33	
63	15	216	
11	86	233	
30	20	72	
16	71	25	
28	63	150	
12	58	88	
28	51	161	
79	5	14	
9	79	81	
72	24	113	
6	67	151	
83	6	222	
13	71	51	
30	46	284	
35	21	148	
3	81	282	
33	28	79	
57	8	133	
30	43	84	
17	59	198	
55	18	137	
15	40	239	
28	71	107	
66	33	295	
38	41	294	
39	11	164	
36	47	208	
55	38	226	
69	5	39	
6	50	44	
33	32	130	
17	62	61	
64	27	18	
66	31	83	
39	47	272	
6	55	179	
19	50	163	
66	21	148	
31	18	243	
40	14	13	
51	42	90	
14	76	99	
53	33	267	
33	31	269	
58	17	89	
79	13	175	
30	55	32	
69	28	209	
26	38	197	
53	17	2	
70	14	153	
27	26	244	
21	68	241	
42	43	177	
9	75	7	
19	72	110	
26	61	78	
17	71	156	
32	29	10	
35	18	15	
18	68	296	
63	31	85	
36	13	126	
18	52	196	
21	38	40	
50	39	8	
2	88	271	
60	33	256	
9	85	129	
28	26	110	
52	44	245	
37	61	169	
4	50	145	
17	57	218	
75	15	239	
42	28	190	
30	33	261	
41	49	71	
77	6	300	
3	72	21	
39	39	3	
53	36	96	
18	81	22	
34	43	99	
39	57	65	
46	21	99	
30	48	134	
35	50	176	
39	52	58	
30	18	135	
20	58	275	
69	10	135	
53	46	122	
59	9	289	
35	28	154	
61	37	215	
66	18	157	
16	49	248	
2	88	190	
51	11	229	
52	5	32	
36	51	286	
4	54	27	
32	27	106	
2	50	255	
52	23	154	
37	12	158	
61	5	107	
8	63	279	
67	9	79	
49	40	10	
15	67	218	
26	33	85	
18	50	158	
83	6	248	
70	23	30	
52	19	43	
6	71	108	
33	46	88	
36	25	190	
12	39	112	
18	70	77	
43	43	133	
23	22	193	
43	25	116	
7	69	9	
41	35	294	
4	59	146	
6	52	298	
5	76	265	
5	63	162	
77	11	24	
66	30	19	
40	18	265	
59	25	157	
44	25	293	
47	26	107	
27	42	62	
48	44	235	
57	5	58	
23	55	277	
1	78	257	
42	6	259	
29	37	261	
50	24	172	
22	34	236	
4	43	269	
9	85	272	
21	57	224	
50	48	226	
56	32	8	
16	37	177	
58	23	132	
63	15	258	
10	51	230	
46	36	214	
37	34	1	
45	29	233	
50	39	111	
71	9	224	
33	49	198	
2	84	277	
67	23	107	
47	35	186	
70	24	235	
17	76	286	
7	76	176	
46	46	110	
63	25	114	
38	36	48	
3	92	155	
34	48	191	
70	16	188	
66	10	6	
60	24	61	
33	37	299	
59	18	270	
46	46	294	
20	53	68	
49	11	132	
45	40	242	
68	30	189	
14	79	97	
34	42	77	
64	8	167	
3	61	42	
42	35	7	
30	40	217	
13	35	162	
63	26	113	
19	52	261	
53	11	266	
69	15	225	
57	14	124	
64	35	101	
18	61	208	
9	56	28	
69	24	95	
70	15	57	
28	23	268	
60	6	24	
31	25	11	
26	29	116	
5	82	14	
12	49	56	
6	45	161	
15	70	27	
41	21	53	
21	73	197	
48	49	44	
87	9	249	
1	83	152	
16	38	100	
31	57	264	
66	5	218	
85	7	248	
33	61	276	
11	71	138	
27	55	291	
53	30	144	
19	64	175	
29	69	230	
4	79	283	
13	50	16	
33	59	105	
27	36	195	
4	78	140	
44	10	287	
49	34	37	
17	76	56	
35	53	115	
38	8	68	
43	48	120	
1	94	85	
15	51	126	
52	27	126	
43	28	114	
60	10	131	
18	81	92	
2	43	111	
61	14	116	
47	9	285	
52	36	287	
55	18	20	
29	20	261	
18	36	283	
60	9	166	
19	75	119	
86	7	207	
40	43	68	
45	41	184	
68	16	238	
64	12	32	
9	68	30	
32	33	209	
16	48	257	
13	85	5	
75	18	111	
32	57	159	
24	72	191	
11	47	104	
56	33	235	
30	50	202	
13	81	172	
19	74	235	
77	14	146	
56	19	135	
49	46	286	
17	53	181	
88	9	247	
88	10	198	
39	31	96	
55	40	218	
52	5	270	
17	78	225	
64	16	3	
65	24	228	
63	13	182	
67	5	163	
24	36	261	
50	31	265	
55	30	22	
36	40	76	
7	64	299	
10	78	170	
12	35	140	
43	11	254	
7	45	161	
28	33	283	
34	54	50	
17	76	143	
41	25	40	
31	50	36	
17	29	281	
39	7	227	
39	58	232	
41	46	170	
9	78	114	
35	57	141	
17	63	254	
12	52	200	
40	13	253	
27	36	52	
7	83	194	
89	8	7	
59	6	185	
21	30	5	
5	55	274	
58	38	54	
18	30	51	
57	24	197	
58	41	124	
62	19	291	
42	10	7	
69	7	151	
26	67	39	
23	70	184	
4	75	170	
44	54	13	
1	80	79	
41	13	153	
27	45	253	
21	42	50	
56	5	127	
55	22	201	
26	72	59	
52	25	213	
42	27	22	
15	69	288	
34	31	84	
33	63	89	
85	9	213	
14	77	163	
37	21	17	
60	19	65	
45	30	34	
49	13	281	
82	10	84	
17	51	185	
52	39	6	
48	38	73	
64	9	247	
41	12	56	
49	22	193	
44	32	215	
38	39	83	
13	53	80	
50	16	291	
64	21	112	
11	71	53	
66	27	204	
17	62	131	
57	8	135	
13	60	209	
4	78	249	
9	48	179	
52	12	120	
34	25	156	
17	78	221	
73	6	33	
91	8	188	
13	85	120	
6	77	127	
47	34	124	
50	5	34	
4	52	102	
8	84	261	
44	20	85	
24	71	143	
76	12	288	
25	43	218	
21	51	165	
47	19	38	
3	50	257	
10	63	248	
28	64	86	
26	34	95	
25	36	97	
62	18	110	
13	68	121	
3	81	188	
58	41	280	
41	49	238	
50	7	269	
21	30	224	
51	15	107	
23	66	251	
29	56	149	
13	56	290	
60	32	158	
16	65	286	
34	30	207	
43	24	32	
44	12	177	
13	74	230	
61	22	32	
69	29	239	
31	15	206	
57	42	225	
5	59	234	
13	35	235	
32	22	98	
16	59	21	
24	46	136	
22	43	183	
29	32	285	
32	46	233	
69	15	146	
75	7	23	
67	5	107	
64	35	73	
84	8	18	
46	46	263	
15	30	293	
4	52	231	
64	8	298	
21	41	186	
27	52	236	
17	75	153	
69	29	291	
52	41	55	
60	21	282	
10	50	248	
39	57	265	
16	72	292	
27	70	296	
77	8	184	
29	65	13	
4	80	51	
86	5	56	
19	56	180	
87	9	262	
35	12	74	
68	17	247	
23	64	196	
10	69	86	
8	63	221	
9	84	148	
17	35	13	
49	10	89	
34	60	245	
18	67	26	
40	10	268	
6	86	178	
5	44	211	
34	31	128	
62	12	80	
27	47	1	
48	14	186	
9	77	289	
21	34	166	
92	5	70	
25	70	257	
63	34	122	
1	51	41	
40	31	286	
70	24	136	
29	33	109	
58	29	136	
50	35	146	
21	74	166	
43	8	132	
31	17	214	
48	28	295	
45	44	135	
35	55	48	
42	11	221	
45	22	169	
33	22	244	
56	27	243	
21	41	201	
55	15	92	
38	14	68	
15	66	179	
66	6	245	
60	19	291	
82	16	9	
14	31	173	
77	20	263	
19	57	277	
18	81	285	
30	38	209	
59	20	22	
25	47	285	
50	24	226	
42	56	170	
32	18	14	
31	45	73	
20	26	47	
17	68	235	
62	32	235	
40	30	268	
54	11	283	
7	60	139	
73	7	166	
14	40	3	
52	41	189	
50	42	152	
45	52	296	
62	8	196	
18	80	13	
48	30	179	
58	18	115	
25	32	9	
23	76	85	
21	51	164	
72	27	99	
10	70	42	
12	33	141	
10	62	63	
70	29	237	
57	6	242	
91	8	27	
47	22	57	
19	38	83	
22	53	176	
36	40	264	
39	51	154	
61	32	72	
13	85	9	
36	22	285	
52	8	10	
15	45	285	
24	71	94	
46	32	232	
35	14	287	
18	59	74	
47	45	244	
22	61	124	
31	61	216	
32	37	228	
1	90	181	
6	90	255	
55	36	185	
7	61	9	
34	42	105	
29	36	258	
14	81	52	
48	50	79	
29	54	134	
6	69	213	
14	81	188	
29	32	277	
73	17	256	
64	16	20	
41	44	75	
23	50	99	
23	23	161	
11	50	88	
32	28	268	
70	6	52	
13	42	186	
34	58	159	
23	64	25	
23	27	133	
41	42	231	
8	64	225	
19	79	268	
40	24	104	
47	14	53	
43	19	97	
31	53	77	
30	52	83	
72	10	109	
30	53	15	
40	56	168	
29	66	213	
28	52	173	
68	17	210	
53	14	146	
21	36	7	
49	16	289	
82	5	178	
18	59	91	
12	76	224	
43	35	299	
32	30	134	
38	28	15	
75	16	74	
45	48	216	
38	38	79	
66	28	167	
35	47	110	
12	36	230	
32	66	275	
25	68	6	
26	58	8	
60	15	278	
1	55	43	
7	85	201	
3	50	1	
46	8	239	
49	29	104	
50	6	236	
34	26	237	
50	27	287	
34	61	145	
36	35	299	
40	6	59	
53	46	33	
8	65	31	
39	38	129	
32	51	85	
39	30	175	
4	94	180	
58	22	9	
8	60	17	
11	63	228	
47	24	289	
35	25	114	
26	20	123	
32	19	106	
8	44	43	
52	9	282	
58	12	260	
89	10	58	
55	30	66	
4	81	27	
65	5	290	
33	32	52	
26	62	42	
26	21	299	
24	71	145	
42	10	218	
63	26	71	
55	17	57	
21	43	107	
16	54	248	
51	46	179	
53	8	298	
60	24	300	
29	69	184	
16	66	250	
33	41	51	
71	8	136	
21	52	173	
37	40	56	
29	28	71	
62	32	128	
11	47	51	
11	67	36	
1	93	37	
18	50	191	
19	69	15	
25	33	35	
41	27	297	
10	49	159	
21	66	61	
24	37	190	
50	19	12	
18	30	205	
72	19	12	
58	5	257	
36	24	293	
14	42	169	
34	48	96	
45	47	55	
43	15	64	
32	29	63	
33	39	27	
65	24	12	
16	29	56	
5	86	77	
5	41	147	
34	65	182	
41	14	180	
60	10	122	
47	48	300	
78	10	58	
26	24	204	
1	96	252	
45	45	219	
26	38	146	
57	26	287	
31	57	33	
26	32	27	
45	6	242	
51	6	66	
42	25	138	
17	68	251	
46	24	41	
10	64	98	
41	8	121	
61	26	95	
67	8	275	
34	53	236	
22	40	18	
62	6	202	
36	34	70	
51	45	179	
19	78	5	
45	42	24	
49	25	292	
26	36	226	
4	93	100	
20	27	53	
15	82	296	
23	34	123	
27	58	102	
70	8	81	
45	41	21	
40	22	88	
42	16	215	
30	26	122	
9	73	272	
41	6	227	
26	53	25	
49	50	299	
23	49	22	
59	26	276	
53	23	146	
3	55	108	
60	6	144	
33	15	145	
48	43	17	
10	62	273	
10	50	49	
57	40	106	
19	70	10	
21	69	63	
46	6	248	
12	63	280	
12	63	98	
44	12	27	
72	27	23	
44	23	71	
12	33	169	
7	89	285	
19	59	199	
2	67	128	
39	35	192	
15	80	53	
28	36	187	
55	18	190	
23	48	52	
19	28	200	
36	39	251	
78	15	255	
32	25	164	
10	37	252	
77	11	95	
21	37	122	
90	8	31	
54	37	251	
23	75	116	
57	42	101	
1	59	86	
8	42	140	
12	82	180	
69	16	27	
43	15	35	
29	17	296	
19	70	232	
40	39	205	
43	23	13	
11	49	149	
40	50	216	
74	14	234	
7	50	271	
51	8	260	
25	37	66	
67	19	126	
21	58	205	
48	46	134	
26	43	149	
23	31	295	
40	26	82	
17	42	173	
63	5	92	
50	16	70	
18	42	255	
58	22	198	
8	55	139	
58	28	244	
31	44	239	
49	18	121	
16	58	294	
31	26	102	
73	25	236	
72	9	12	
38	39	224	
53	43	58	
1	54	95	
48	7	297	
55	26	102	
40	37	256	
79	10	220	
57	35	296	
47	45	109	
28	46	133	
24	35	124	
20	60	290	
37	32	239	
19	40	18	
20	59	142	
18	59	48	
46	51	32	
12	74	122	
82	5	282	
69	12	194	
50	38	96	
9	89	188	
49	8	21	
10	57	39	
23	41	74	
59	34	64	
63	8	169	
77	12	212	
4	60	89	
46	24	36	
29	29	38	
3	50	128	
28	24	299	
68	9	31	
28	27	92	
78	19	267	
54	12	219	
21	40	158	
6	91	118	
48	23	265	
40	59	244	
32	36	19	
80	12	234	
25	69	120	
78	7	225	
18	58	261	
61	5	284	
71	20	120	
24	53	209	
11	62	38	
40	58	128	
17	40	179	
41	44	227	
16	47	62	
8	50	78	
72	6	35	
62	13	68	
9	82	5	
16	46	183	
14	36	263	
3	89	231	
43	44	50	
41	36	51	
44	7	286	
56	8	23	
40	35	226	
60	30	79	
46	42	171	
92	7	136	
12	75	47	
33	16	109	
12	69	91	
14	40	166	
14	48	228	
60	17	75	
12	37	299	
50	18	58	
59	11	15	
11	84	62	
77	13	222	
53	22	169	
19	37	205	
40	57	194	
9	50	88	
20	64	225	
28	59	152	
25	50	76	
30	67	138	
41	39	265	
28	45	206	
28	47	5	
5	88	186	
66	29	230	
69	27	160	
28	48	293	
67	15	21	
38	48	185	
54	18	291	
35	52	145	
31	47	263	
38	31	37	
60	35	222	
70	24	51	
56	29	111	
43	23	90	
46	7	181	
10	87	97	
60	17	131	
23	29	9	
18	31	19	
23	27	127	
45	13	73	
24	54	15	
90	9	72	
23	54	137	
58	6	85	
16	52	159	
30	22	255	
17	76	242	
87	9	193	
57	42	17	
56	14	272	
43	35	121	
19	40	47	
45	35	58	
51	19	244	
1	94	272	
41	31	85	
32	13	254	
51	10	239	
36	20	23	
19	31	289	
10	75	27	
39	60	8	
46	52	2	
58	13	44	
25	53	14	
1	89	26	
41	8	249	
28	22	250	
85	7	218	
24	29	23	
58	36	263	
26	64	259	
44	22	295	
14	82	127	
38	38	63	
41	10	278	
60	38	213	
11	73	240	
76	13	102	
4	54	227	
44	23	289	
50	20	240	
50	17	247	
1	84	214	
18	60	293	
12	82	133	
42	21	264	
76	20	278	
2	86	146	
37	62	175	
64	23	32	
45	42	197	
80	15	76	
47	51	220	
24	73	263	
43	45	258	
29	49	168	
19	55	252	
66	9	203	
25	45	267	
22	37	67	
83	13	41	
78	15	50	
43	30	180	
39	52	139	
43	45	109	
59	40	206	
47	34	113	
47	31	52	
45	22	132	
10	82	164	
45	21	80	
14	33	119	
36	20	69	
32	15	102	
8	64	198	
30	28	147	
85	7	93	
21	34	149	
29	26	137	
43	32	90	
33	55	65	
19	52	131	
3	76	85	
44	54	26	
4	76	281	
12	69	86	
26	67	243	
20	50	78	
51	19	98	
2	50	174	
50	6	207	
64	7	182	
22	45	250	
9	38	102	
4	56	196	
21	70	58	
37	10	294	
37	23	63	
4	50	56	
58	34	84	
13	69	115	
40	31	191	
13	54	122	
22	47	128	
4	59	147	
11	73	93	
20	25	40	
80	18	274	
34	24	22	
28	64	67	
3	95	178	
36	61	111	
25	39	233	
43	13	139	
38	46	95	
42	36	225	
29	39	294	
40	27	106	
75	9	12	
74	23	256	
27	70	259	
87	9	247	
86	8	119	
18	55	158	
42	20	228	
3	89	271	
84	13	25	
30	20	226	
84	12	265	
68	21	64	
62	11	195	
19	73	257	
39	30	79	
53	11	63	
47	11	101	
71	12	271	
59	15	69	
32	49	54	
56	12	112	
20	68	235	
60	23	36	
40	25	255	
43	15	39	
57	29	104	
52	15	104	
26	34	63	
24	42	262	
2	65	220	
52	25	255	
28	32	18	
45	36	36	
3	71	136	
53	16	161	
37	20	203	
51	46	108	
22	50	252	
63	21	39	
58	17	182	
36	36	168	
43	55	220	
63	28	193	
20	30	10	
25	28	11	
6	61	214	
43	46	39	
17	44	170	
80	12	210	
55	39	177	
8	44	163	
69	5	267	
30	37	142	
32	49	112	
58	19	127	
42	32	275	
24	66	164	
67	18	157	
44	31	156	
19	52	225	
42	36	264	
7	91	199	
30	53	129	
68	16	130	
39	46	196	
1	72	143	
50	31	65	
67	28	58	
5	57	159	
7	76	265	
32	28	105	
53	39	166	
77	8	121	
27	65	221	
56	5	65	
56	31	158	
70	16	111	
28	37	160	
27	30	286	
1	97	9	
25	52	145	
48	19	209	
55	40	212	
28	67	284	
15	57	24	
32	28	240	
21	72	47	
33	20	231	
39	25	168	
6	80	190	
27	31	194	
12	61	298	
43	18	26	
26	26	126	
55	12	265	
31	43	246	
3	54	157	
45	18	158	
33	22	191	
82	15	252	
1	60	200	
44	20	3	
51	27	257	
8	83	80	
58	27	250	
12	44	227	
2	43	129	
65	7	221	
14	72	86	
29	21	248	
35	38	248	
80	9	230	
9	74	57	
13	37	25	
31	55	150	
8	38	144	
26	23	54	
59	24	294	
66	7	18	
67	5	25	
56	7	176	
42	54	130	
26	55	217	
77	14	37	
8	69	198	
1	85	232	
7	72	291	
23	56	61	
31	35	8	
4	67	127	
26	45	3	
13	64	69	
29	50	151	
17	67	71	
53	10	41	
24	37	207	
44	24	249	
14	67	101	
10	84	245	
52	15	213	
25	69	103	
53	32	106	
37	61	54	
42	11	264	
54	29	297	
39	54	73	
37	55	103	
46	37	103	
6	59	117	
17	43	6	
53	29	20	
1	89	116	
17	28	143	
49	7	214	
31	35	184	
69	11	221	
56	9	170	
31	56	134	
24	46	151	
69	29	213	
21	36	47	
11	54	90	
8	82	171	
20	43	47	
60	21	167	
7	76	59	
54	32	69	
53	20	277	
50	33	129	
50	28	43	
7	51	162	
21	53	261	
49	30	280	
31	25	48	
35	40	190	
24	69	282	
2	73	295	
56	17	20	
60	20	162	
2	88	7	
32	23	222	
28	45	275	
8	72	201	
9	80	258	
59	33	241	
25	25	177	
84	11	242	
32	48	249	
41	30	275	
50	29	135	
6	76	59	
38	39	200	
10	47	186	
6	45	260	
47	39	67	
73	9	186	
17	48	73	
39	47	11	
9	48	60	
55	33	218	
40	18	63	
35	48	197	
17	72	257	
39	60	69	
37	57	295	
49	43	286	
29	49	216	
55	39	238	
43	8	291	
22	76	3	
78	16	199	
4	84	81	
17	72	160	
38	21	187	
61	37	18	
68	10	216	
20	68	108	
9	77	278	
59	21	212	
15	78	18	
26	57	165	
61	23	194	
17	64	163	
41	15	212	
68	10	81	
11	36	196	
2	63	202	
53	6	297	
28	60	282	
53	29	4	
8	41	114	
3	62	280	
47	33	108	
65	11	202	
28	51	31	
59	11	216	
42	37	4	
38	31	30	
56	11	134	
1	45	91	
24	32	190	
85	5	38	
21	52	44	
22	28	287	
84	14	253	
50	38	169	
74	23	182	
24	44	157	
36	12	104	
26	27	288	
42	48	149	
70	23	123	
81	6	59	
7	39	11	
24	66	27	
34	61	143	
72	6	170	
28	49	67	
56	41	30	
37	11	158	
86	9	288	
15	81	88	
28	70	191	
11	40	150	
36	54	207	
47	28	293	
75	17	298	
6	79	285	
43	25	295	
33	38	76	
81	7	142	
79	20	79	
59	30	163	
44	47	66	
19	64	283	
9	39	196	
24	23	211	
51	48	162	
61	7	41	
34	59	29	
47	44	86	
16	62	194	
47	7	185	
62	13	190	
14	73	250	
52	9	37	
22	24	23	
48	20	198	
11	48	250	
9	42	81	
34	30	131	
71	10	170	
60	23	275	
36	41	187	
37	50	261	
77	14	18	
10	56	296	
30	55	72	
56	6	281	
22	54	152	
53	20	146	
66	13	100	
49	48	38	
1	68	151	
5	67	102	
67	13	221	
19	78	162	
16	56	28	
30	47	121	
20	53	71	
3	57	96	
87	11	219	
24	54	155	
22	77	225	
6	44	126	
27	65	98	
64	30	126	
44	14	226	
61	29	46	
49	16	299	
20	77	8	
46	26	165	
55	36	29	
10	77	132	
59	21	243	
16	58	232	
18	30	225	
12	52	25	
23	51	2	
55	19	149	
2	50	250	
5	77	204	
15	55	157	
17	80	34	
73	11	220	
54	12	33	
35	62	79	
12	44	287	
31	34	40	
31	67	124	
81	11	136	
91	5	186	
6	56	125	
50	7	274	
4	43	11	
7	48	39	
2	92	176	
30	61	286	
43	10	172	
6	83	75	
35	27	282	
21	70	45	
48	5	99	
3	49	39	
7	38	1	
52	36	231	
30	15	196	
11	51	5	
27	45	111	
46	43	140	
12	82	58	
51	33	254	
40	45	159	
52	37	131	
34	11	153	
49	5	23	
38	52	32	
22	64	282	
45	33	28	
24	57	42	
6	91	50	
31	61	223	
58	25	23	
2	45	242	
74	15	104	
17	55	91	
75	6	278	
37	33	2	
44	19	32	
14	85	21	
76	7	299	
29	64	260	
28	17	221	
6	54	159	
52	10	181	
10	59	285	
44	13	53	
39	42	22	
80	7	121	
43	25	84	
13	50	169	
13	33	255	
61	9	112	
46	46	199	
38	47	87	
25	64	154	
20	26	285	
69	6	39	
76	22	159	
10	58	167	
54	11	77	
2	57	7	
22	27	263	
30	44	42	
51	8	16	
16	58	48	
25	44	277	
52	46	43	
7	54	62	
42	52	33	
6	39	91	
68	18	176	
30	23	153	
56	9	188	
25	67	51	
14	64	300	
31	56	300	
30	20	51	
11	37	297	
75	8	235	
50	48	193	
73	23	174	
55	22	259	
4	61	108	
59	8	284	
7	56	164	
52	36	242	
52	16	202	
16	72	243	
23	39	228	
1	47	196	
51	21	286	
16	78	43	
66	13	122	
1	61	21	
32	28	108	
47	29	151	
25	41	225	
18	37	21	
32	61	77	
52	18	6	
28	66	38	
40	14	100	
77	11	283	
90	5	228	
24	75	12	
21	43	263	
27	45	181	
57	14	17	
16	83	254	
31	42	162	
18	47	25	
43	18	111	
2	78	265	
27	44	187	
14	35	20	
58	24	80	
55	28	54	
41	37	210	
68	12	62	
36	22	156	
15	44	279	
18	76	193	
20	70	225	
33	14	222	
36	36	276	
40	7	280	
90	5	295	
50	18	221	
69	26	84	
30	60	164	
7	43	73	
65	10	203	
26	48	160	
36	48	280	
56	33	176	
27	67	197	
33	44	34	
36	38	27	
3	82	1	
72	16	76	
11	81	227	
76	15	201	
45	52	259	
10	63	104	
3	53	220	
13	53	113	
10	65	241	
18	67	114	
13	39	45	
6	68	158	
52	40	118	
63	32	101	
4	87	215	
1	45	240	
33	42	7	
83	5	64	
47	9	123	
10	45	146	
9	53	31	
71	17	218	
30	57	10	
35	59	200	
34	51	209	
47	30	4	
16	29	218	
39	28	17	
31	56	207	
24	47	248	
1	65	148	
25	29	102	
67	32	223	
13	61	29	
86	11	20	
10	58	163	
62	22	103	
17	74	223	
46	20	143	
50	23	150	
30	23	276	
74	22	160	
4	41	25	
49	41	255	
49	40	90	
50	44	207	
31	17	172	
35	18	207	
80	11	280	
6	52	275	
8	66	257	
38	33	80	
32	16	111	
6	81	28	
42	40	258	
16	49	15	
7	55	112	
9	48	287	
35	23	88	
8	91	210	
22	64	107	
42	28	162	
55	43	124	
29	28	300	
38	45	224	
38	53	276	
7	55	227	
42	53	209	
11	87	75	
45	8	276	
41	39	2	
24	31	255	
17	56	227	
11	77	258	
32	51	75	
44	54	7	
24	71	215	
12	73	165	
38	7	107	
35	32	147	
22	51	123	
71	12	1	
51	26	93	
72	9	255	
1	65	244	
5	45	196	
19	59	159	
65	25	97	
23	61	9	
37	46	45	
73	25	299	
65	10	166	
6	89	222	
40	41	20	
2	55	34	
17	38	167	
43	19	194	
7	39	277	
16	65	265	
21	63	114	
49	7	156	
14	71	274	
26	27	265	
10	52	183	
26	53	241	
75	22	288	
22	38	294	
36	60	234	
39	29	169	
43	21	213	
58	18	147	
38	32	296	
17	38	290	
67	23	257	
63	15	81	
36	31	129	
48	47	245	
25	60	182	
52	47	73	
44	43	165	
3	78	261	
45	49	160	
16	83	209	
45	42	200	
19	26	181	
5	68	285	
57	37	67	
20	44	14	
62	31	53	
41	16	210	
11	64	137	
17	79	213	
65	25	12	
35	52	259	
43	43	277	
27	43	15	
45	43	205	
54	27	251	
3	50	3	
33	34	148	
53	12	226	
19	28	41	
8	75	72	
71	13	189	
34	24	103	
42	42	219	
30	67	164	
61	22	22	
36	33	195	
23	60	264	
44	42	26	
72	5	258	
43	25	105	
45	10	233	
58	9	125	
66	30	12	
16	63	78	
25	67	245	
36	44	33	
81	15	239	
69	24	113	
43	29	46	
31	48	193	
7	80	201	
44	52	288	
58	39	58	
3	43	189	
13	72	274	
21	68	95	
10	76	125	
34	37	129	
67	25	154	
9	87	212	
12	72	34	
58	25	180	
69	17	150	
19	60	298	
18	34	47	
20	54	38	
13	69	227	
3	57	18	
49	39	29	
51	14	73	
83	15	126	
50	13	4	
6	66	280	
49	27	241	
21	46	122	
63	28	94	
21	72	171	
54	29	54	
33	22	281	
11	46	82	
24	43	217	
58	21	62	
6	46	137	
38	54	245	
12	36	55	
5	92	239	
48	15	243	
52	6	274	
24	45	268	
64	22	75	
3	71	63	
36	26	241	
68	14	72	
11	58	91	
23	69	54	
83	5	7	
17	81	62	
63	8	225	
42	31	161	
26	29	171	
38	40	84	
4	41	104	
77	8	18	
17	46	36	
67	11	36	
53	40	130	
21	69	111	
4	90	252	
26	22	138	
5	65	126	
29	16	118	
25	31	25	
29	37	115	
40	53	206	
23	40	219	
55	41	181	
49	11	156	
5	60	281	
25	42	47	
47	34	300	
77	22	4	
3	53	118	
31	59	130	
50	20	8	
32	51	39	
52	14	245	
59	14	125	
33	32	142	
16	52	276	
1	70	154	
45	22	34	
22	49	28	
56	31	265	
45	35	56	
27	33	223	
47	44	169	
25	74	194	
11	60	52	
63	26	222	
32	42	137	
36	26	43	
29	25	175	
65	28	24	
3	42	139	
2	81	232	
49	13	64	
24	40	148	
22	42	214	
76	8	277	
23	53	280	
58	39	89	
38	56	30	
28	42	264	
50	41	129	
20	68	259	
23	61	158	
49	37	15	
76	17	160	
23	32	207	
77	13	125	
38	40	122	
60	31	144	
53	7	98	
61	13	178	
10	85	195	
44	33	250	
69	26	55	
21	57	263	
30	33	275	
60	5	212	
56	9	176	
28	30	135	
33	51	222	
19	77	113	
41	30	28	
36	50	277	
5	89	17	
70	13	283	
68	17	77	
21	44	118	
24	52	252	
10	41	95	
42	39	284	
3	47	272	
79	12	224	
17	81	10	
52	6	170	
35	54	120	
92	7	171	
42	47	185	
31	39	215	
24	73	69	
76	14	63	
77	8	8	
67	8	55	
75	21	133	
20	71	120	
45	21	28	
31	24	47	
6	67	89	
29	19	20	
10	39	38	
8	48	22	
33	62	42	
3	77	156	
8	67	107	
32	59	273	
79	19	73	
91	6	201	
72	15	266	
47	45	243	
67	14	270	
6	87	256	
47	25	161	
9	55	204	
73	20	134	
11	77	138	
61	6	54	
49	10	99	
60	32	76	
83	8	102	
55	8	57	
37	17	120	
3	86	82	
36	45	215	
8	77	27	
36	26	70	
30	18	136	
64	20	252	
46	36	114	
30	61	106	
52	46	43	
32	24	122	
57	12	268	
78	13	294	
1	85	77	
48	49	100	
15	72	234	
33	44	48	
51	26	127	
5	77	130	
24	21	198	
13	46	180	
46	34	249	
54	7	48	
43	31	49	
31	15	129	
45	28	117	
13	37	134	
33	37	173	
36	48	86	
15	56	238	
37	51	224	
74	25	20	
64	18	254	
36	53	191	
70	8	229	
47	52	97	
67	23	49	
14	60	273	
16	78	121	
39	13	250	
31	26	168	
18	46	172	
28	21	117	
75	24	291	
46	13	14	
46	49	198	
8	91	57	
23	54	288	
18	72	197	
2	75	223	
65	18	85	
25	32	158	
46	17	71	
1	51	62	
35	54	153	
57	30	206	
32	62	136	
74	9	131	
13	70	131	
12	84	85	
3	82	116	
51	35	35	
12	72	238	
27	32	163	
56	7	218	
13	54	135	
10	50	248	
78	19	136	
19	51	260	
7	53	277	
10	76	167	
27	54	69	
21	73	291	
2	54	49	
8	76	89	
16	32	50	
33	12	179	
44	50	131	
33	20	51	
73	7	195	
36	12	159	
53	25	57	
22	31	288	
44	30	31	
29	48	192	
2	80	220	
47	51	63	
57	34	200	
56	34	2	
21	43	114	
26	28	195	
23	26	273	
32	57	186	
71	19	143	
24	56	169	
10	74	177	
41	20	148	
7	91	266	
43	46	216	
56	31	28	
77	12	11	
62	30	92	
60	32	27	
46	21	7	
36	56	33	
49	26	158	
13	68	163	
41	6	223	
14	49	224	
81	7	83	
70	29	269	
3	52	116	
12	45	186	
65	21	24	
34	38	197	
34	15	45	
43	22	218	
18	49	276	
76	21	80	
78	19	233	
52	31	174	
66	10	37	
67	12	271	
58	26	245	
12	38	97	
24	33	248	
37	29	146	
42	45	36	
5	49	54	
26	47	9	
43	16	181	
81	9	268	
76	18	283	
57	30	255	
22	23	86	
50	16	139	
18	75	242	
2	84	238	
54	26	164	
46	25	119	
52	41	225	
25	44	108	
35	36	300	
11	48	51	
28	71	89	
47	6	181	
6	83	86	
14	84	94	
54	26	128	
6	55	80	
39	53	49	
68	6	50	
41	23	142	
51	19	89	
8	86	86	
14	43	57	
35	11	67	
55	24	266	
34	27	211	
40	18	78	
29	61	138	
72	24	156	
43	5	131	
41	23	257	
71	24	113	
8	52	106	
40	40	300	
43	31	279	
39	26	109	
11	44	69	
41	40	271	
11	45	250	
33	43	39	
41	11	196	
15	44	256	
7	78	46	
26	38	284	
59	34	66	
50	10	223	
30	30	211	
42	41	288	
34	49	266	
32	32	66	
27	28	140	
24	52	210	
39	39	282	
32	20	244	
38	37	165	
59	11	276	
11	81	167	
30	54	142	
86	10	290	
43	28	244	
47	33	13	
16	55	93	
33	37	39	
57	33	239	
38	32	296	
12	38	51	
36	47	295	
42	32	148	
35	57	218	
6	76	133	
37	16	122	
24	49	204	
64	35	278	
58	28	103	
61	21	48	
31	66	145	
56	6	265	
28	39	118	
56	28	186	
37	18	238	
20	41	175	
52	30	238	
18	72	16	
10	54	59	
33	14	5	
72	27	285	
35	29	246	
41	25	288	
64	29	61	
20	54	158	
2	51	20	
55	14	96	
45	15	134	
59	24	283	
45	50	23	
31	66	72	
43	26	297	
4	70	28	
3	68	280	
24	57	297	
40	23	54	
45	52	257	
37	15	226	
32	53	112	
11	87	152	
30	57	192	
87	10	271	
16	30	35	
16	82	157	
11	83	284	
41	34	276	
44	21	274	
29	70	255	
16	45	260	
55	24	238	
63	27	67	
21	30	18	
46	9	257	
25	36	272	
22	28	191	
34	39	239	
8	40	157	
15	45	232	
4	87	71	
30	47	125	
21	55	103	
16	46	131	
35	54	191	
49	40	92	
5	41	170	
8	72	233	
46	18	106	
10	57	29	
35	56	294	
37	26	219	
10	56	192	
60	31	169	
48	15	37	
13	35	224	
68	21	26	
68	17	160	
30	24	26	
56	43	167	
26	27	145	
20	59	10	
16	55	227	
73	20	133	
48	47	95	
51	21	5	
21	43	28	
27	67	280	
1	84	169	
84	11	245	
56	11	232	
11	83	134	
21	69	143	
44	47	147	
8	65	44	
39	51	146	
3	74	113	
79	13	289	
6	63	102	
24	32	255	
63	19	110	
45	30	38	
57	36	279	
68	25	190	
7	59	67	
13	76	9	
21	66	33	
27	48	223	
45	23	243	
49	40	241	
47	36	159	
14	64	158	
90	7	207	
30	60	7	
40	10	203	
16	29	233	
22	66	279	
29	32	172	
60	38	287	
50	28	66	
36	22	299	
54	17	130	
63	5	68	
29	68	101	
55	7	118	
50	13	102	
46	29	297	
47	28	235	
45	54	15	
41	17	262	
7	80	282	
41	15	229	
71	23	220	
68	19	62	
28	56	53	
14	31	231	
11	58	161	
20	56	267	
83	15	17	
9	65	181	
7	49	198	
27	43	142	
29	58	215	
42	12	12	
63	7	229	
46	22	94	
37	15	228	
9	57	51	
26	71	87	
14	83	36	
41	56	102	
58	25	217	
37	14	176	
69	11	206	
69	22	118	
48	31	47	
21	28	259	
77	8	250	
50	48	21	
69	26	21	
14	34	258	
34	39	180	
59	7	12	
38	19	286	
55	20	34	
55	39	186	
24	27	174	
65	20	218	
6	42	61	
33	34	217	
64	20	107	
18	75	82	
57	42	51	
2	52	15	
16	38	71	
13	44	244	
8	82	180	
41	57	165	
8	74	84	
63	20	168	
13	80	193	
74	16	15	
81	18	99	
8	79	119	
67	10	69	
39	44	171	
36	59	298	
13	62	245	
36	34	218	
31	58	140	
38	13	6	
5	43	256	
45	51	95	
43	32	145	
8	53	250	
28	43	52	
29	19	249	
19	49	79	
38	16	38	
7	77	254	
49	37	212	
43	11	79	
40	18	212	
42	14	277	
10	61	50	
27	42	270	
55	16	279	
67	8	77	
48	9	173	
34	26	163	
55	11	53	
12	72	43	
70	10	122	
72	11	183	
63	20	262	
52	18	53	
42	10	231	
18	44	65	
11	58	139	
27	39	187	
6	55	27	
1	71	199	
77	16	128	
61	30	119	
69	22	289	
24	65	41	
49	46	247	
34	56	173	
10	49	113	
51	32	156	
35	38	235	
11	57	40	
2	69	47	
50	35	39	
35	53	36	
38	48	186	
40	12	6	
75	22	268	
30	16	108	
1	93	145	
3	64	171	
29	55	196	
60	28	181	
49	35	178	
5	84	19	
22	77	177	
32	37	135	
74	24	115	
41	49	107	
42	39	249	
3	62	274	
58	24	48	
30	65	70	
4	67	153	
33	59	158	
18	55	129	
21	48	183	
44	40	123	
75	13	188	
22	27	36	
59	24	270	
41	33	266	
23	53	148	
21	48	85	
1	55	178	
1	67	294	
81	12	41	
4	94	232	
47	39	2	
18	78	160	
21	37	92	
25	55	16	
18	27	231	
63	27	228	
29	66	198	
45	17	182	
34	19	158	
11	58	211	
14	32	197	
67	9	220	
60	14	179	
54	24	108	
49	19	211	
43	55	105	
33	32	158	
18	63	153	
31	14	285	
46	35	248	
33	28	263	
8	40	227	
30	67	104	
71	18	250	
25	21	31	
52	26	162	
34	28	222	
36	61	234	
48	33	144	
42	20	134	
48	14	22	
29	48	293	
6	66	280	
67	30	109	
9	43	8	
4	82	160	
45	7	228	
63	31	192	
35	18	240	
30	43	128	
49	35	131	
4	58	111	
8	60	69	
23	62	265	
22	41	258	
29	27	212	
16	36	41	
55	33	241	
24	67	217	
39	33	15	
9	41	44	
56	5	128	
13	61	270	
34	42	129	
37	42	237	
20	78	205	
47	22	166	
20	38	15	
52	8	26	
26	33	95	
22	52	183	
20	30	37	
78	17	56	
64	35	163	
15	67	180	
40	34	6	
11	79	49	
53	41	6	
19	76	58	
80	7	45	
17	53	300	
25	50	198	
45	22	209	
25	59	234	
26	21	85	
51	29	181	
66	22	143	
55	5	145	
50	27	189	
13	82	162	
36	11	194	
52	47	224	
1	98	124	
6	88	198	
58	35	162	
22	52	235	
41	45	183	
37	53	248	
27	60	32	
30	40	156	
65	15	168	
71	27	121	
35	53	126	
25	74	274	
30	69	20	
34	28	174	
58	29	196	
59	37	32	
53	38	261	
46	48	66	
41	28	289	
8	48	94	
16	37	14	
40	49	203	
35	57	58	
7	42	291	
56	40	138	
43	52	116	
13	39	83	
27	25	109	
18	45	253	
37	51	168	
30	31	100	
34	56	173	
14	63	243	
2	84	200	
46	15	291	
83	13	243	
56	29	226	
7	76	266	
11	52	132	
68	13	166	
39	30	32	
20	43	7	
25	44	253	
43	41	229	
13	33	57	
37	13	125	
59	7	87	
31	37	170	
43	6	297	
64	31	106	
42	57	269	
18	47	94	
26	58	49	
80	13	106	
24	46	295	
15	67	78	
3	75	33	
31	37	66	
43	52	245	
46	39	81	
3	69	114	
14	39	154	
2	44	111	
36	60	233	
4	85	104	
18	32	134	
6	61	287	
65	34	233	
36	9	124	
3	74	35	
3	49	133	
40	10	134	
6	44	148	
67	18	29	
15	41	178	
70	9	81	
34	65	244	
24	61	53	
54	27	9	
53	21	138	
14	82	24	
74	24	7	
40	34	270	
5	81	45	
25	49	88	
61	22	147	
23	60	241	
24	54	27	
34	44	58	
40	52	108	
13	47	18	
31	32	177	
75	15	77	
17	80	132	
15	74	138	
63	22	130	
27	39	118	
77	21	113	
52	23	296	
39	45	273	
48	48	177	
85	14	84	
36	17	227	
29	63	41	
45	13	171	
45	19	100	
8	65	135	
44	27	68	
50	8	285	
47	10	3	
19	62	280	
47	15	272	
4	85	130	
53	34	18	
72	22	74	
18	48	88	
65	29	195	
72	11	115	
1	54	230	
24	22	81	
42	18	213	
50	31	141	
3	78	54	
32	43	76	
25	71	42	
16	49	115	
61	33	160	
24	29	157	
22	57	79	
15	47	106	
14	49	89	
15	53	78	
46	8	84	
71	21	27	
53	26	60	
33	44	19	
39	49	194	
17	33	243	
4	58	126	
54	44	65	
4	82	82	
4	51	143	
21	53	3	
55	23	291	
9	38	80	
46	13	55	
83	6	157	
63	9	196	
6	66	34	
36	47	255	
7	42	272	
54	16	206	
12	74	226	
66	24	5	
63	32	291	
24	34	243	
9	40	197	
22	50	138	
92	5	254	
49	40	80	
13	46	255	
47	28	73	
15	60	15	
53	38	147	
9	82	262	
46	52	11	
41	31	203	
29	41	83	
33	42	79	
45	36	22	
50	38	146	
36	15	50	
85	5	24	
36	10	106	
25	35	30	
24	66	191	
4	64	259	
78	13	294	
19	59	98	
79	6	116	
74	5	263	
72	23	269	
53	23	193	
22	25	127	
1	97	211	
53	14	6	
20	52	276	
42	13	9	
62	26	278	
80	18	209	
24	22	220	
30	56	71	
69	23	48	
40	26	73	
49	15	300	
21	72	183	
75	19	96	
42	21	177	
60	25	12	
50	9	57	
20	47	296	
10	71	134	
41	40	206	
34	39	49	
67	16	60	
23	24	200	
60	39	148	
16	51	291	
54	39	212	
41	24	112	
15	35	143	
21	26	251	
30	18	265	
74	20	227	
43	52	162	
24	23	53	
70	22	100	
22	77	53	
20	55	264	
29	22	269	
17	39	136	
65	26	248	
6	62	101	
15	49	190	
37	34	81	
32	48	109	
23	66	29	
15	35	182	
56	28	127	
26	68	258	
39	60	231	
33	25	113	
56	20	24	
1	67	193	
49	12	143	
8	82	274	
81	15	148	
10	35	48	
20	68	76	
13	39	240	
74	23	300	
39	13	205	
11	61	284	
45	20	3	
28	67	93	
7	62	211	
30	56	87	
34	45	220	
30	66	219	
55	44	296	
70	21	101	
21	56	279	
13	39	134	
60	38	286	
69	9	175	
5	58	246	
56	9	68	
7	84	119	
15	75	80	
11	51	227	
23	43	13	
7	51	288	
68	13	300	
4	91	51	
14	34	44	
91	6	216	
20	44	156	
66	19	248	
89	10	203	
5	72	265	
9	89	283	
33	21	112	
59	36	89	
37	33	104	
43	40	236	
46	19	58	
52	26	274	
77	6	250	
68	12	31	
53	9	285	
55	39	257	
48	47	299	
44	9	290	
44	6	86	
22	49	136	
8	49	113	
25	40	277	
18	48	6	
48	8	62	
29	61	29	
33	60	5	
22	58	71	
44	15	23	
8	59	76	
21	46	274	
39	56	189	
40	41	293	
27	22	147	
69	11	204	
6	86	293	
31	49	243	
33	31	81	
23	42	211	
33	66	184	
10	51	72	
38	37	184	
27	56	218	
26	58	294	
56	20	191	
26	53	213	
31	37	25	
54	32	6	
10	67	135	
72	11	189	
38	49	149	
14	85	167	
34	14	67	
12	37	17	
1	66	34	
16	71	167	
19	41	94	
28	63	81	
52	10	208	
22	31	15	
30	29	206	
5	43	25	
13	76	239	
12	62	228	
9	82	34	
21	53	134	
32	63	111	
15	83	87	
36	28	249	
55	24	34	
62	29	237	
37	20	123	
12	85	182	
38	19	141	
46	12	294	
58	21	162	
32	51	25	
27	23	116	
88	10	133	
18	63	63	
3	94	177	
72	9	300	
6	75	190	
34	27	266	
72	15	104	
16	47	260	
52	40	291	
41	35	47	
17	60	200	
57	6	249	
55	20	87	
32	63	16	
78	17	19	
40	10	95	
39	35	298	
25	70	205	
8	71	73	
81	8	186	
21	78	33	
73	18	194	
52	46	139	
9	83	260	
31	21	16	
48	46	179	
19	47	54	
43	24	4	
38	32	30	
61	10	75	
64	32	262	
41	31	115	
53	21	39	
27	68	91	
56	18	32	
67	20	239	
9	39	260	
5	73	178	
60	12	181	
43	27	18	
1	68	292	
42	18	115	
32	27	236	
13	64	113	
8	44	86	
55	23	190	
47	45	226	
35	23	254	
24	73	251	
54	31	205	
44	27	181	
15	49	109	
38	60	69	
6	81	265	
2	52	124	
22	45	264	
32	19	57	
75	6	16	
20	79	271	
33	26	268	
23	27	115	
34	36	59	
25	54	204	
2	92	192	
18	76	213	
7	88	197	
29	46	190	
29	37	94	
29	44	192	
69	20	54	
49	5	230	
56	7	196	
16	46	129	
33	54	27	
46	30	54	
13	70	93	
6	51	192	
17	78	234	
37	11	164	
57	27	147	
47	7	272	
29	52	134	
41	41	92	
38	43	50	
25	26	232	
74	21	136	
53	40	109	
10	79	3	
36	27	266	
18	31	263	
21	64	198	
14	79	11	
75	17	106	
24	44	209	
26	35	163	
53	10	273	
77	14	62	
65	29	161	
11	51	254	
49	24	202	
77	19	149	
6	71	3	
49	49	86	
41	31	23	
78	15	22	
53	25	283	
52	26	134	
37	53	88	
8	52	278	
30	27	41	
5	87	292	
41	43	34	
61	18	278	
34	51	67	
42	9	32	
36	50	103	
57	42	137	
14	84	15	
38	37	242	
67	15	247	
63	31	296	
43	26	33	
30	34	295	
30	41	26	
6	92	273	
11	74	75	
39	54	181	
33	47	243	
35	11	102	
34	55	148	
45	29	291	
19	30	161	
10	88	289	
5	55	72	
29	50	230	
42	39	240	
4	83	277	
13	50	52	
49	31	134	
2	62	268	
42	50	241	
3	85	90	
12	36	193	
64	9	120	
13	59	218	
42	43	228	
17	37	59	
61	7	180	
22	69	60	
59	24	147	
28	71	176	
12	54	284	
33	37	57	
1	73	297	
7	48	283	
6	67	65	
45	30	252	
42	27	155	
27	59	171	
17	71	237	
40	20	49	
47	30	251	
9	60	240	
39	48	290	
44	19	212	
64	30	280	
43	17	282	
34	11	157	
56	12	84	
17	57	29	
13	72	220	
37	41	291	
39	58	201	
44	21	176	
57	13	94	
11	75	232	
18	52	275	
16	51	195	
51	8	219	
28	31	65	
14	55	152	
47	8	114	
13	72	242	
57	38	20	
24	44	124	
6	47	42	
33	66	130	
45	33	26	
42	15	216	
3	48	153	
39	10	38	
16	74	10	
24	69	81	
42	40	208	
33	35	176	
45	8	252	
48	5	282	
48	12	278	
54	27	64	
33	30	253	
17	56	283	
20	36	190	
18	62	263	
39	31	270	
24	65	161	
18	63	256	
70	20	196	
18	79	179	
80	7	143	
71	18	224	
35	60	54	
38	23	185	
64	7	17	
11	44	83	
1	92	147	
47	44	225	
80	9	215	
41	29	188	
63	12	202	
64	32	246	
38	49	295	
6	49	242	
7	79	75	
69	28	62	
59	15	61	
15	69	37	
11	62	165	
64	25	246	
12	73	36	
7	46	48	
52	39	194	
27	29	286	
10	63	258	
39	17	162	
37	49	16	
19	69	182	
67	28	278	
37	15	122	
64	30	94	
26	73	100	
35	39	246	
25	40	164	
47	43	265	
27	41	224	
6	76	74	
33	41	109	
24	75	230	
3	72	241	
8	50	148	
55	43	42	
43	11	70	
67	11	12	
77	16	206	
67	17	48	
5	50	133	
24	30	268	
20	69	275	
31	34	158	
23	30	218	
43	41	214	
27	56	158	
51	12	154	
5	84	22	
32	46	172	
33	18	154	
61	14	9	
14	84	161	
25	49	28	
21	72	136	
15	69	82	
3	49	79	
34	30	61	
92	7	245	
21	61	262	
50	41	171	
41	12	84	
28	63	249	
14	68	260	
66	18	224	
23	35	62	
45	29	255	
18	38	91	
38	59	291	
9	58	227	
43	32	32	
9	81	160	
64	25	6	
58	11	250	
79	14	229	
71	27	64	
34	42	162	
12	45	276	
54	8	96	
14	58	256	
41	11	179	
28	50	114	
75	16	206	
40	18	58	
12	48	227	
39	38	107	
11	66	150	
3	62	269	
24	75	69	
43	30	165	
11	58	233	
60	16	21	
65	32	18	
28	24	21	
14	81	149	
38	24	229	
26	30	230	
78	7	278	
74	20	270	
34	15	235	
17	58	151	
13	37	150	
10	77	12	
1	51	235	
79	5	216	
13	78	97	
70	18	243	
23	60	168	
51	35	38	
58	29	182	
24	60	227	
38	11	167	
52	31	6	
26	65	126	
8	88	47	
61	28	141	
6	65	232	
80	12	120	
58	14	137	
43	28	102	
25	40	174	
33	43	186	
7	67	81	
30	56	157	
43	18	5	
57	26	19	
51	33	11	
19	51	190	
24	75	69	
47	16	46	
69	27	132	
32	44	37	
29	28	68	
59	28	26	
47	52	66	
42	23	90	
66	24	275	
17	72	205	
6	43	229	
57	11	97	
29	56	217	
9	45	290	
38	36	55	
1	70	45	
3	74	107	
65	28	253	
14	33	88	
49	9	277	
37	12	114	
19	42	216	
21	61	112	
28	23	121	
56	29	84	
48	38	263	
5	48	153	
7	83	87	
48	8	257	
54	37	215	
20	34	59	
79	10	61	
54	44	176	
40	32	224	
44	29	225	
47	8	158	
37	20	24	
52	14	59	
76	6	179	
42	37	284	
34	36	89	
30	42	62	
67	7	23	
39	57	183	
53	41	290	
73	13	272	
40	50	254	
29	16	41	
66	23	210	
23	67	222	
50	18	116	
15	43	207	
40	20	33	
25	26	1	
4	62	286	
15	41	18	
7	78	81	
34	23	51	
66	14	42	
28	54	241	
59	8	172	
24	32	96	
48	39	181	
79	15	259	
24	54	54	
83	10	182	
67	5	57	
71	23	289	
58	33	211	
7	89	255	
59	26	81	
33	65	208	
64	31	29	
22	76	197	
78	18	80	
59	22	52	
14	54	165	
33	65	3	
30	42	219	
39	42	123	
66	13	18	
19	34	261	
61	7	26	
68	27	18	
11	48	41	
32	19	272	
51	16	142	
9	86	199	
24	29	166	
19	57	245	
34	47	217	
54	35	131	
22	35	230	
27	30	21	
51	29	200	
49	10	158	
47	8	153	
2	53	9	
4	94	67	
29	55	129	
65	27	241	
30	54	166	
2	46	216	
43	27	240	
18	35	253	
15	71	85	
16	30	30	
15	43	50	
70	18	26	
57	41	64	
45	40	139	
17	47	241	
4	74	67	
59	6	260	
73	16	241	
31	47	35	
35	24	228	
50	21	208	
36	27	59	
25	20	256	
15	48	26	
49	7	130	
9	46	259	
60	18	34	
10	47	227	
61	10	20	
22	76	31	
2	59	189	
50	5	215	
53	29	119	
30	32	15	
13	86	112	
72	6	39	
14	72	72	
41	27	154	
12	72	147	
55	14	12	
2	65	163	
31	42	88	
10	62	241	
61	29	200	
68	6	209	
36	46	91	
50	29	126	
18	75	82	
32	57	275	
35	41	238	
32	57	267	
55	22	102	
3	74	183	
24	48	211	
61	9	226	
1	54	56	
16	39	215	
26	25	179	
13	61	77	
59	9	245	
10	76	219	
1	66	208	
35	62	296	
12	72	64	
29	56	87	
42	57	257	
25	48	238	
15	58	257	
50	41	245	
25	59	191	
29	26	202	
17	58	2	
4	65	221	
49	25	89	
43	27	298	
54	44	135	
10	59	228	
69	7	130	
47	31	41	
20	64	182	
6	62	216	
73	14	180	
43	44	238	
54	34	205	
50	12	30	
32	65	152	
56	38	138	
18	77	46	
31	57	79	
54	18	161	
17	72	281	
72	9	77	
56	19	192	
24	44	84	
23	24	242	
71	27	231	
41	13	291	
53	43	147	
49	29	271	
51	39	127	
17	48	237	
5	63	77	
20	76	21	
13	34	252	
1	60	196	
62	19	78	
62	37	61	
31	50	206	
42	19	246	
36	23	256	
36	59	174	
39	56	17	
36	61	138	
54	13	264	
49	38	19	
55	13	178	
4	69	162	
54	27	109	
51	20	149	
37	55	54	
31	37	162	
21	58	46	
35	54	248	
44	25	239	
1	83	226	
9	88	271	
28	51	129	
20	25	296	
17	70	284	
8	66	51	
6	54	170	
54	44	170	
31	58	238	
60	18	217	
16	49	90	
41	8	236	
6	52	3	
60	36	31	
17	49	175	
26	51	23	
9	51	110	
1	53	263	
60	14	204	
17	63	263	
26	69	24	
36	30	114	
14	47	29	
9	71	269	
27	59	270	
66	25	215	
40	30	190	
64	13	254	
19	77	229	
47	40	43	
25	48	264	
44	42	42	
29	61	101	
15	32	203	
80	5	36	
69	13	275	
36	28	25	
2	54	230	
19	70	258	
28	41	167	
32	43	132	
42	40	109	
2	46	186	
65	31	299	
25	49	81	
72	27	122	
46	45	100	
32	33	73	
32	54	171	
66	15	36	
44	9	237	
16	47	180	
10	80	206	
16	62	84	
15	47	297	
62	20	24	
15	39	27	
71	13	214	
54	34	193	
34	60	161	
18	34	37	
22	56	14	
15	80	10	
50	40	284	
16	43	145	
58	12	89	
21	67	134	
72	24	221	
2	54	36	
20	28	52	
7	82	104	
31	27	119	
90	5	232	
25	23	147	
17	60	210	
37	57	292	
31	37	231	
22	73	148	
43	13	285	
21	75	269	
47	51	146	
3	53	299	
33	43	12	
51	20	13	
81	13	184	
23	39	137	
27	28	80	
57	11	247	
27	62	132	
35	28	272	
63	16	182	
70	19	132	
32	67	35	
41	10	137	
72	25	209	
46	25	161	
56	16	9	
28	35	112	
4	41	291	
7	66	298	
60	14	171	
8	82	5	
43	32	103	
28	17	29	
13	80	260	
34	17	150	
34	33	69	
8	68	125	
39	25	212	
64	5	264	
34	48	298	
62	7	298	
22	60	178	
12	58	171	
46	22	54	
45	13	236	
1	66	125	
59	13	130	
47	36	59	
13	49	283	
77	10	199	
4	89	53	
30	61	250	
31	35	24	
75	7	135	
20	40	194	
1	55	162	
19	72	135	
45	30	194	
43	9	116	
90	8	172	
74	12	80	
25	66	240	
35	50	257	
87	6	21	
56	25	148	
1	66	30	
37	62	294	
65	11	1	
64	7	171	
20	41	104	
15	44	252	
21	73	33	
27	26	57	
17	77	202	
26	26	146	
40	39	167	
49	34	257	
45	43	191	
32	27	264	
40	58	48	
13	63	289	
43	28	280	
33	43	109	
68	9	272	
9	88	225	
8	84	270	
51	13	233	
35	19	37	
44	16	103	
77	16	14	
5	85	106	
36	40	111	
30	52	167	
26	53	275	
38	41	282	
43	48	180	
25	41	140	
39	51	82	
32	35	207	
59	23	113	
27	31	58	
9	69	72	
22	27	174	
54	35	276	
15	75	121	
7	54	177	
59	33	178	
24	61	279	
29	58	180	
45	13	3	
9	63	231	
86	6	298	
12	40	135	
15	47	105	
51	8	220	
56	38	190	
2	52	243	
44	40	30	
22	32	130	
76	15	272	
67	24	14	
32	20	100	
39	11	156	
27	49	288	
46	25	79	
15	42	258	
69	26	121	
43	33	37	
22	70	179	
29	70	280	
28	38	96	
62	8	95	
33	64	158	
34	60	9	
41	35	38	
33	26	257	
25	39	60	
79	6	157	
70	24	27	
61	17	209	
50	27	133	
79	18	175	
5	76	61	
22	36	210	
1	77	104	
55	25	161	
62	37	11	
48	33	97	
7	44	89	
16	56	163	
36	63	159	
46	8	206	
31	17	91	
17	74	43	
1	57	95	
8	46	159	
70	10	229	
71	13	131	
42	6	142	
11	61	13	
42	18	69	
19	59	154	
14	58	139	
65	12	260	
21	72	49	
63	10	230	
33	16	253	
10	47	189	
84	5	55	
12	44	11	
31	44	196	
55	20	203	
4	50	43	
16	40	199	
41	39	221	
33	53	117	
31	32	268	
63	31	166	
11	79	29	
51	34	43	
34	17	132	
31	36	247	
34	61	129	
23	45	252	
30	38	97	
10	72	188	
7	74	6	
58	35	105	
8	54	257	
48	10	184	
49	38	32	
12	68	78	
30	17	148	
60	9	149	
45	10	180	
56	22	184	
36	10	174	
52	36	275	
41	36	134	
26	32	223	
46	11	92	
26	34	169	
67	13	143	
26	40	251	
46	51	154	
21	39	1	
31	62	226	
33	40	282	
50	20	155	
25	30	25	
50	26	148	
32	26	94	
27	59	291	
27	70	219	
13	76	147	
40	55	52	
45	48	89	
9	68	298	
28	36	172	
23	23	189	
41	49	52	
1	83	64	
18	64	249	
23	59	198	
44	19	116	
56	17	147	
64	23	2	
63	22	158	
68	31	185	
43	35	254	
45	19	200	
87	10	277	
14	58	187	
39	37	157	
74	14	214	
65	32	131	
87	9	291	
25	50	76	
26	36	83	
69	28	238	
27	20	30	
62	29	292	
76	17	118	
7	73	116	
30	45	73	
22	48	105	
37	53	142	
11	66	216	
49	30	62	
10	35	165	
51	28	102	
40	11	265	
25	46	150	
66	18	147	
45	24	221	
52	39	253	
25	64	93	
32	66	166	
67	32	19	
57	40	133	
19	57	132	
46	35	127	
81	17	229	
14	77	168	
25	52	138	
26	37	10	
56	19	263	
60	34	229	
81	16	288	
55	38	51	
47	38	58	
23	39	291	
94	5	21	
16	83	23	
20	27	37	
28	54	44	
20	40	4	
11	55	47	
16	74	249	
30	15	272	
25	59	266	
67	20	278	
12	73	172	
10	46	191	
36	29	161	
50	31	155	
19	31	179	
40	47	154	
8	54	233	
47	16	192	
5	84	106	
47	33	85	
1	85	180	
12	39	236	
50	13	181	
42	37	81	
54	11	205	
30	20	147	
1	55	53	
37	54	283	
54	38	147	
46	7	248	
2	70	139	
64	12	46	
65	26	270	
63	8	263	
10	35	40	
67	20	169	
4	85	133	
67	29	218	
3	83	248	
27	36	113	
7	78	6	
3	53	2	
90	7	111	
10	85	157	
60	9	277	
12	61	35	
17	70	138	
2	62	77	
12	66	245	
58	38	50	
5	83	247	
31	23	219	
8	48	278	
45	48	238	
3	82	295	
52	31	70	
68	13	18	
3	82	288	
10	46	44	
7	83	244	
16	77	297	
41	6	270	
36	60	91	
78	17	93	
7	67	232	
28	58	299	
42	48	292	
30	18	187	
36	27	189	
83	13	233	
54	23	28	
69	9	249	
4	52	85	
7	81	192	
13	41	117	
18	53	229	
21	31	252	
37	19	6	
78	18	265	
49	47	130	
43	46	8	
75	7	97	
58	32	55	
48	48	161	
13	65	18	
3	64	76	
40	23	45	
35	18	32	
29	27	66	
56	7	22	
53	24	154	
28	46	189	
73	11	247	
9	88	199	
45	15	240	
59	7	239	
68	10	241	
38	36	103	
54	41	88	
18	44	75	
59	26	290	
33	17	129	
51	33	269	
51	21	116	
80	16	26	
18	64	83	
47	47	35	
63	35	270	
47	40	89	
19	61	266	
12	76	32	
40	58	178	
30	58	20	
11	74	284	
3	64	229	
3	75	170	
50	43	158	
18	58	210	
11	60	120	
1	97	48	
29	65	125	
69	30	109	
21	75	240	
59	34	172	
6	77	54	
63	15	106	
19	64	90	
22	67	179	
34	14	159	
5	40	21	
17	76	208	
13	52	241	
66	9	13	
28	51	232	
43	35	262	
36	10	28	
48	39	64	
46	46	2	
19	73	222	
5	60	14	
8	49	91	
73	9	263	
5	80	84	
7	54	81	
23	74	271	
12	81	288	
51	29	214	
21	41	26	
40	49	9	
61	8	189	
26	48	90	
26	38	22	
10	82	273	
77	17	76	
73	5	294	
32	41	237	
37	18	215	
41	58	91	
33	64	298	
17	72	29	
24	44	165	
49	20	228	
80	8	78	
64	10	207	
34	16	123	
41	27	185	
31	24	168	
35	47	259	
17	61	16	
51	48	74	
5	49	168	
30	50	202	
39	49	114	
34	51	161	
43	12	209	
7	43	101	
59	5	176	
22	55	42	
38	54	214	
81	13	4	
5	87	7	
44	23	132	
31	66	51	
60	7	240	
44	29	294	
11	67	167	
65	12	110	
11	74	249	
54	6	275	
7	74	66	
1	44	51	
19	41	284	
33	19	220	
47	10	105	
53	34	184	
55	32	221	
42	49	149	
19	66	97	
40	37	225	
47	27	231	
20	62	293	
31	29	254	
11	36	114	
2	60	248	
5	93	199	
72	21	128	
15	54	270	
33	44	51	
56	35	216	
8	54	90	
31	54	274	
47	16	120	
31	51	124	
5	79	27	
40	19	95	
6	69	25	
67	14	137	
14	33	66	
38	31	169	
31	24	32	
54	8	264	
6	62	125	
27	56	30	
10	74	125	
3	63	111	
60	22	187	
66	20	182	
58	28	45	
27	53	256	
84	9	235	
13	43	129	
1	63	72	
22	27	78	
2	97	118	
53	41	285	
44	20	255	
4	72	211	
41	38	180	
23	65	180	
41	20	64	
80	14	280	
32	58	109	
5	81	73	
58	20	63	
44	7	274	
38	15	85	
59	9	293	
80	19	2	
45	9	213	
4	69	203	
4	77	34	
31	66	220	
6	82	105	
70	29	243	
83	6	19	
40	47	105	
4	95	57	
34	41	65	
33	45	39	
36	53	78	
85	10	16	
6	75	152	
5	79	193	
44	26	191	
55	40	277	
9	54	150	
77	13	92	
6	83	205	
31	67	7	
46	30	236	
34	32	99	
52	24	6	
52	13	198	
12	37	218	
38	16	93	
28	17	36	
39	43	7	
10	81	55	
42	18	295	
25	48	273	
51	46	21	
52	19	128	
61	22	270	
36	27	240	
38	17	288	
1	69	290	
12	61	154	
35	32	86	
27	48	236	
52	39	277	
9	90	89	
31	28	171	
81	13	3	
52	17	24	
36	50	64	
68	17	97	
87	11	43	
72	21	93	
51	47	204	
48	23	156	
10	58	109	
52	43	115	
14	33	294	
4	49	37	
23	32	97	
34	38	295	
2	50	39	
73	23	265	
47	46	145	
8	91	186	
34	55	251	
65	33	46	
65	21	282	
39	40	234	
39	9	74	
47	52	158	
37	21	289	
63	15	41	
63	29	1	
75	9	248	
43	38	115	
71	18	100	
61	15	237	
68	12	186	
29	33	87	
62	6	262	
65	20	227	
38	50	284	
49	17	151	
24	25	220	
32	58	174	
47	11	62	
11	85	81	
5	80	62	
66	9	277	
46	26	206	
40	11	230	
25	59	272	
2	92	154	
62	5	52	
74	25	67	
83	9	246	
23	31	57	
53	35	52	
12	56	156	
84	5	135	
61	29	181	
11	88	158	
53	9	167	
37	36	4	
32	67	298	
19	39	175	
51	6	147	
41	19	259	
69	6	109	
41	15	95	
51	25	134	
14	78	112	
53	19	269	
66	28	253	
19	74	204	
43	14	45	
32	41	89	
18	74	276	
25	74	262	
29	63	276	
39	7	213	
13	64	144	
55	15	130	
61	35	237	
22	66	57	
23	28	41	
88	6	141	
63	31	108	
42	8	33	
4	81	159	
51	46	171	
72	10	241	
64	13	130	
17	58	260	
41	27	4	
32	34	292	
11	60	73	
45	54	203	
3	51	238	
65	32	75	
24	33	101	
10	67	66	
40	8	127	
65	29	121	
59	40	243	
28	38	279	
73	18	108	
37	34	13	
17	33	256	
43	22	277	
12	77	198	
62	15	228	
79	8	85	
20	68	155	
15	73	252	
47	12	289	
25	55	209	
67	17	155	
22	27	18	
38	43	139	
30	29	262	
40	6	247	
21	39	253	
7	78	7	
28	20	59	
24	53	178	
51	29	80	
54	27	128	
42	30	116	
44	34	217	
26	44	220	
15	83	290	
40	50	48	
33	38	40	
72	22	71	
10	36	284	
57	9	204	
17	42	84	
59	21	64	
2	86	34	
13	48	6	
30	50	99	
64	8	106	
28	49	152	
59	14	127	
20	39	287	
29	57	174	
81	16	37	
27	54	202	
8	47	181	
19	49	150	
13	77	87	
24	48	133	
75	16	292	
59	11	112	
35	42	146	
60	8	145	
44	16	29	
58	39	71	
39	25	295	
73	17	224	
62	8	138	
80	6	21	
46	10	74	
22	56	214	
29	24	113	
58	36	278	
68	11	282	
24	73	113	
50	33	151	
51	34	95	
34	35	42	
23	24	128	
15	39	179	
26	42	73	
82	11	45	
67	26	60	
23	51	55	
27	25	283	
16	47	93	
10	46	262	
38	38	108	
27	33	140	
14	74	124	
40	50	143	
43	46	24	
60	35	125	
44	50	153	
17	28	279	
29	45	30	
3	88	228	
5	86	140	
11	49	120	
51	27	219	
3	81	21	
12	77	26	
34	47	117	
36	56	14	
11	67	281	
40	30	208	
4	95	141	
55	30	130	
45	24	135	
45	18	248	
47	36	284	
27	71	98	
34	51	300	
4	41	221	
50	41	25	
60	32	182	
37	50	68	
43	8	247	
56	7	44	
3	46	138	
57	12	249	
43	48	98	
82	13	156	
70	23	209	
26	31	16	
44	18	87	
37	8	64	
25	30	251	
35	36	117	
38	39	210	
27	29	126	
54	11	57	
39	15	101	
46	50	208	
42	18	127	
38	22	104	
38	39	294	
70	9	118	
11	84	112	
27	26	54	
2	52	194	
35	44	199	
69	30	147	
43	23	74	
66	30	235	
66	10	159	
21	26	298	
17	39	18	
28	56	142	
5	49	62	
53	9	98	
2	49	6	
42	35	266	
60	32	242	
27	25	228	
40	29	101	
63	14	181	
33	26	147	
28	36	271	
8	57	25	
43	33	134	
38	41	128	
56	25	135	
8	59	13	
7	43	210	
31	34	284	
8	74	220	
8	47	139	
54	39	27	
75	8	290	
82	15	5	
22	62	10	
7	63	54	
70	17	28	
54	9	215	
25	73	190	
51	30	268	
80	8	123	
41	20	36	
42	51	274	
38	28	62	
74	21	292	
38	29	115	
39	10	15	
26	32	10	
71	17	173	
28	55	195	
17	77	123	
68	29	76	
32	23	149	
40	28	63	
7	50	290	
31	67	46	
46	41	109	
44	14	139	
22	39	114	
47	9	7	
25	30	6	
27	64	195	
36	59	67	
22	49	65	
71	22	174	
74	12	64	
38	17	13	
14	80	127	
63	8	287	
10	76	14	
18	50	51	
4	67	179	
28	52	271	
3	53	203	
21	39	163	
3	60	4	
21	64	224	
39	37	35	
20	33	106	
83	11	118	
49	31	125	
41	9	9	
49	27	140	
32	34	198	
39	11	165	
62	8	160	
53	12	184	
37	24	260	
18	35	103	
9	38	160	
73	15	49	
20	61	205	
58	33	112	
47	22	75	
29	68	156	
1	92	71	
1	92	109	
64	6	115	
32	58	51	
39	8	225	
5	50	267	
47	33	49	
64	14	226	
66	17	151	
92	5	85	
25	38	158	
14	81	267	
38	8	62	
59	8	83	
66	5	26	
24	60	253	
11	54	222	
47	48	102	
35	31	171	
27	71	126	
44	24	141	
5	43	253	
34	12	252	
6	89	282	
3	70	73	
1	75	231	
26	56	63	
13	39	83	
26	20	269	
36	22	33	
79	17	173	
19	31	195	
25	46	60	
63	21	299	
22	67	299	
14	73	140	
34	13	9	
10	74	288	
56	19	259	
61	20	45	
14	48	173	
64	16	242	
57	26	236	
9	69	108	
41	42	134	
7	84	65	
13	85	265	
71	27	270	
45	30	233	
35	16	77	
32	27	157	
16	38	278	
3	86	287	
75	13	53	
16	40	182	
16	53	27	
28	49	78	
12	68	217	
83	16	7	
7	58	267	
22	34	69	
83	8	188	
80	9	277	
70	29	109	
49	45	11	
72	22	26	
22	60	147	
3	78	224	
1	79	277	
6	67	253	
87	12	148	
36	48	238	
63	13	59	
1	54	157	
67	28	262	
8	69	252	
44	7	106	
33	40	147	
81	17	69	
43	22	150	
28	56	71	
14	78	118	
84	15	108	
7	56	25	
22	29	178	
43	31	214	
34	15	204	
62	10	206	
60	39	41	
25	45	125	
41	53	236	
5	65	145	
34	22	118	
16	62	56	
2	80	59	
54	17	36	
49	13	93	
1	98	101	
50	24	234	
12	56	132	
3	86	80	
14	58	220	
10	39	231	
21	76	249	
44	27	236	
51	10	252	
61	7	282	
6	60	63	
33	37	9	
9	47	165	
64	29	215	
4	80	297	
29	39	198	
76	17	297	
38	38	34	
8	53	61	
14	51	3	
77	22	98	
67	19	76	
43	12	112	
81	17	21	
11	63	283	
29	50	35	
76	10	148	
47	13	98	
48	24	142	
36	62	294	
14	72	277	
4	90	235	
18	56	270	
31	19	135	
31	54	203	
28	66	78	
21	46	34	
37	12	18	
27	19	99	
34	15	118	
16	37	97	
27	32	91	
41	58	3	
4	86	68	
48	38	103	
15	82	100	
76	12	258	
14	73	140	
15	58	182	
42	9	110	
20	34	246	
20	68	279	
1	47	126	
50	36	236	
31	29	23	
13	47	107	
22	43	265	
22	75	110	
15	30	299	
7	72	93	
88	7	218	
31	47	81	
57	26	106	
37	17	54	
9	54	206	
68	26	52	
21	57	50	
16	30	251	
13	50	285	
63	34	245	
79	6	11	
21	36	190	
54	31	94	
14	83	248	
36	16	211	
75	8	41	
12	87	98	
49	16	61	
10	67	103	
37	61	280	
54	38	149	
16	69	246	
72	16	88	
12	67	154	
37	11	220	
46	45	142	
65	30	165	
24	21	172	
16	65	198	
78	20	243	
72	9	237	
16	41	57	
11	68	56	
56	38	155	
40	36	142	
55	13	268	
50	14	88	
9	80	258	
45	32	76	
31	52	191	
54	21	67	
24	42	18	
17	43	117	
70	18	55	
26	73	181	
55	8	222	
51	37	274	
40	13	195	
64	20	67	
42	15	25	
23	49	226	
72	19	131	
34	40	143	
88	11	195	
3	60	80	
25	46	248	
53	19	281	
52	7	224	
76	11	166	
55	27	283	
71	15	110	
7	43	59	
35	37	245	
47	14	289	
6	42	120	
54	21	8	
22	24	105	
90	9	92	
25	25	58	
32	51	138	
12	68	190	
43	31	16	
35	18	169	
1	63	224	
16	72	2	
44	54	65	
29	45	117	
42	22	59	
89	8	42	
13	79	217	
48	51	91	
19	57	158	
56	14	229	
22	45	144	
7	39	237	
61	6	37	
17	78	123	
44	27	278	
2	84	29	
18	73	196	
20	51	141	
44	37	241	
63	31	233	
55	44	141	
44	42	185	
51	22	51	
28	21	10	
4	68	30	
28	38	299	
17	61	209	
5	54	73	
36	50	88	
8	69	22	
56	14	259	
14	83	165	
36	26	272	
91	8	245	
34	42	177	
76	19	96	
27	23	210	
73	25	43	
9	42	216	
5	47	145	
9	40	118	
38	52	138	
11	84	208	
46	12	184	
13	82	35	
22	35	37	
64	16	197	
9	90	199	
37	59	151	
18	56	225	
67	9	259	
16	42	282	
21	37	41	
14	38	8	
51	30	26	
62	31	135	
18	45	266	
24	21	215	
1	54	187	
51	26	163	
1	84	63	
3	82	249	
39	6	151	
3	83	283	
26	52	193	
17	64	108	
50	25	181	
33	35	279	
22	71	199	
44	36	42	
39	60	39	
39	9	221	
16	62	152	
40	9	172	
5	52	174	
46	15	208	
43	54	280	
29	58	68	
68	15	222	
11	46	9	
12	40	213	
21	47	182	
3	96	125	
2	69	207	
42	13	22	
37	37	252	
38	43	87	
13	45	84	
42	16	280	
72	16	42	
55	14	149	
67	19	198	
12	59	165	
28	62	70	
82	16	189	
54	32	277	
31	61	176	
10	79	277	
2	47	292	
56	7	66	
25	26	285	
23	59	267	
22	70	164	
25	73	80	
70	8	252	
56	5	234	
27	42	279	
49	25	94	
21	60	281	
57	29	287	
26	42	74	
51	16	172	
5	41	62	
39	42	142	
44	25	266	
27	56	279	
1	70	34	
33	31	249	
47	36	23	
3	79	148	
62	27	140	
25	42	118	
31	24	114	
58	36	136	
11	74	45	
84	11	258	
43	7	122	
57	11	75	
24	30	37	
71	18	180	
7	59	271	
62	19	152	
16	81	179	
27	70	141	
5	58	233	
31	65	200	
30	21	283	
25	56	212	
52	16	102	
29	61	7	
30	28	14	
8	63	200	
6	55	167	
15	56	298	
17	45	147	
19	53	159	
12	35	251	
59	39	264	
46	22	178	
17	41	84	
31	52	240	
37	10	276	
59	20	43	
53	40	291	
14	64	197	
67	16	142	
50	29	8	
67	6	300	
46	20	71	
22	33	161	
5	69	61	
60	19	271	
28	55	62	
22	47	209	
32	28	104	
59	40	48	
11	47	137	
65	34	296	
49	23	155	
26	34	240	
20	61	216	
69	12	66	
37	34	24	
50	17	156	
8	42	125	
52	35	99	
51	7	151	
71	14	263	
77	5	21	
20	74	225	
22	55	189	
56	23	4	
41	36	76	
28	63	82	
32	54	244	
16	78	21	
41	49	198	
41	54	8	
24	40	99	
3	96	136	
19	79	220	
20	55	242	
4	42	108	
36	30	217	
49	32	68	
67	26	109	
19	80	13	
63	35	65	
22	35	221	
30	56	220	
39	27	248	
4	94	77	
2	59	87	
64	27	249	
8	91	186	
29	42	96	
84	10	63	
21	61	192	
12	76	18	
52	29	67	
3	83	174	
38	19	139	
42	10	2	
51	32	232	
17	37	189	
77	15	184	
13	62	297	
22	71	10	
53	9	171	
15	45	97	
70	12	71	
30	39	117	
63	22	136	
64	25	83	
30	51	181	
35	57	152	
43	28	111	
58	13	132	
40	48	62	
77	17	98	
16	72	257	
38	13	145	
75	14	27	
5	94	186	
12	82	10	
25	48	38	
9	60	74	
67	5	83	
1	62	291	
11	49	107	
56	24	110	
7	83	284	
32	36	283	
27	52	187	
72	10	225	
68	20	213	
63	12	96	
27	33	242	
24	23	6	
62	13	71	
47	29	272	
53	8	65	
75	6	172	
36	36	57	
29	26	86	
48	31	140	
78	15	152	
4	59	48	
58	21	26	
35	25	67	
29	16	106	
20	32	198	
32	19	146	
41	25	35	
12	63	54	
46	6	126	
54	24	26	
48	38	107	
31	57	13	
4	62	4	
50	27	7	
16	65	114	
11	71	95	
61	34	49	
38	43	147	
45	43	95	
27	32	60	
29	51	19	
17	28	74	
66	30	33	
13	36	92	
49	29	19	
68	29	71	
26	24	74	
68	22	9	
15	60	25	
25	23	17	
37	26	25	
44	5	11	
8	80	14	
45	53	2	
48	18	183	
5	83	36	
3	49	83	
32	32	96	
5	53	25	
7	59	74	
25	20	39	
6	70	31	
32	44	168	
27	65	133	
29	56	47	
4	43	146	
17	34	94	
26	21	131	
18	39	97	
1	81	191	
11	78	63	
5	91	130	
46	5	14	
41	24	113	
75	21	57	
67	7	176	
30	66	68	
10	69	151	
27	67	155	
17	34	31	
2	92	11	
36	51	5	
43	36	157	
41	42	40	
46	42	146	
33	20	12	
9	56	17	
84	10	23	
43	42	113	
18	48	190	
78	6	35	
25	50	14	
22	62	88	
3	57	108	
54	42	62	
28	38	69	
10	43	16	
10	59	198	
33	64	142	
13	32	33	
4	55	43	
37	58	124	
15	47	88	
45	36	181	
51	42	68	
64	23	18	
53	43	23	
66	22	106	
26	56	131	
64	21	42	
61	23	153	
3	94	86	
50	37	102	
44	42	38	
74	22	77	
18	64	167	
15	59	66	
62	33	128	
70	25	109	
5	52	120	
42	17	14	
74	16	126	
53	20	163	
74	12	161	
80	13	11	
11	78	110	
21	62	137	
75	19	143	
21	67	61	
39	20	116	
2	94	72	
79	12	68	
33	28	114	
56	42	182	
5	43	175	
26	30	100	
40	5	146	
56	24	61	
13	40	149	
5	50	164	
64	7	185	
50	20	53	
4	67	49	
30	18	28	
27	33	132	
8	65	30	
22	41	160	
84	12	159	
63	14	197	
2	62	149	
6	49	75	
24	42	113	
33	49	184	
34	44	139	
18	37	179	
20	33	179	
39	11	146	
37	53	138	
10	61	3	
37	8	51	
7	51	20	
60	10	129	
23	29	131	
54	20	33	
45	40	59	
11	42	156	
52	28	56	
22	65	29	
32	28	119	
12	80	146	
16	51	145	
52	22	94	
12	34	71	
19	55	100	
44	28	190	
42	10	160	
9	41	51	
14	73	107	
21	37	188	
50	42	160	
8	38	114	
72	26	64	
87	11	40	
49	33	155	
41	54	122	
39	56	63	
62	25	135	
31	47	200	
9	89	172	
74	9	161	
30	31	40	
70	8	54	
21	54	52	
24	75	154	
7	43	189	
62	8	113	
51	33	53	
48	7	36	
84	8	33	
42	53	56	
34	15	62	
17	78	162	
5	48	50	
81	17	165	
35	33	148	
7	92	177	
43	38	4	
50	6	53	
27	71	64	
13	56	139	
9	57	151	
64	29	6	
29	32	120	
41	54	53	
33	37	73	
1	85	108	
27	37	132	
36	14	129	
16	59	137	
36	24	88	
21	25	197	
36	56	55	
13	75	111	
39	48	192	
44	5	138	
22	49	56	
37	56	98	
80	12	183	
12	77	57	
43	45	83	
53	7	78	
40	6	148	
77	15	33	
7	61	39	
2	63	43	
6	65	53	
71	28	198	
37	8	41	
31	23	187	
16	83	2	
1	76	20	
60	11	40	
65	5	161	
65	29	111	
17	28	18	
11	52	25	
3	89	162	
74	24	13	
37	36	137	
6	45	78	
39	47	32	
50	22	180	
36	36	89	
25	35	163	
28	23	188	
65	12	2	
79	20	121	
11	67	78	
2	45	109	
15	58	35	
7	75	177	
23	34	22	
71	26	179	
69	9	55	
47	39	135	
40	45	118	
56	14	184	
47	41	20	
4	64	161	
48	5	8	
31	52	88	
24	36	7	
79	14	13	
74	19	27	
13	65	125	
31	21	133	
87	10	101	
15	56	180	
58	10	95	
34	55	196	
28	68	102	
1	62	107	
75	20	176	
2	85	155	
39	25	128	
9	65	148	
44	34	123	
72	19	190	
33	21	93	
13	45	198	
40	41	50	
75	7	167	
79	12	34	
77	17	52	
18	68	152	
81	5	70	
17	33	146	
34	55	29	
41	53	17	
65	30	62	
26	49	148	
27	22	156	
23	65	93	
8	70	47	
35	28	67	
4	75	162	
29	49	125	
91	7	38	
53	37	2	
20	58	168	
38	33	17	
65	31	135	
69	30	30	
45	48	176	
82	9	171	
83	12	161	
45	19	130	
16	81	50	
2	57	148	
37	42	5	
7	58	140	
5	51	52	
39	47	161	
51	7	39	
20	69	194	
24	67	99	
2	78	68	
19	49	144	
90	7	125	
10	77	140	
45	34	137	
62	18	133	
26	42	96	
11	37	21	
87	8	140	
46	34	200	
50	30	178	
39	47	81	
47	16	183	
56	37	174	
60	20	173	
2	89	110	
16	74	68	
2	86	60	
56	21	152	
67	5	128	
67	21	26	
23	38	64	
65	24	155	
59	30	123	
12	36	24	
51	19	18	
10	62	25	
26	63	81	
15	49	153	
12	65	31	
9	73	45	
43	53	49	
40	56	3	
33	14	74	
13	54	74	
59	34	157	
2	73	74	
60	39	76	
65	12	42	
9	68	166	
35	33	149	
35	61	32	
22	59	89	
59	40	144	
21	53	121	
88	11	4	
29	21	23	
32	60	81	
9	75	117	
6	58	19	
42	38	107	
70	7	105	
74	22	194	
22	46	81	
48	11	156	
18	57	37	
54	20	57	
57	42	166	
16	49	5	
25	49	71	
14	57	199	
52	37	63	
22	52	17	
12	71	150	
80	5	193	
11	44	99	
5	84	30	
81	8	194	
27	47	119	
23	76	151	
28	18	97	
55	8	182	
47	5	30	
26	32	170	
28	27	165	
15	59	18	
53	21	173	
64	31	114	
22	49	84	
82	7	99	
36	47	45	
23	29	198	
11	46	113	
46	19	62	
53	13	127	
20	71	177	
49	18	117	
29	61	158	
8	71	187	
40	11	142	
46	21	116	
11	44	167	
36	47	146	
38	12	117	
52	23	5	
11	56	132	
32	39	137	
35	34	9	
20	38	64	
34	16	56	
82	15	131	
57	11	52	
1	51	58	
15	75	133	
17	38	151	
56	11	196	
1	83	156	
18	45	44	
9	50	8	
8	83	188	
37	31	20	
40	44	30	
30	59	63	
12	67	39	
42	23	161	
40	5	14	
41	12	29	
3	90	48	
69	17	124	
62	24	88	
33	59	112	
82	12	156	
47	34	28	
63	36	15	
13	52	15	
33	37	161	
13	61	185	
50	39	39	
24	25	56	
17	57	152	
7	66	70	
37	17	107	
27	45	8	
65	29	36	
50	40	31	
53	29	192	
6	76	100	
28	25	78	
34	45	48	
85	9	78	
83	8	16	
18	44	134	
34	48	73	
43	30	173	
47	24	128	
39	20	198	
44	36	14	
46	14	166	
71	9	32	
4	92	158	
29	63	191	
35	16	7	
61	6	37	
10	84	79	
82	6	7	
57	28	197	
48	51	159	
16	80	178	
13	59	134	
62	31	115	
33	55	190	
33	45	122	
40	16	148	
2	89	198	
49	26	32	
6	40	63	
36	56	107	
44	39	64	
59	34	185	
48	37	78	
72	22	21	
22	48	129	
34	18	143	
65	6	194	
54	30	89	
18	74	34	
55	37	168	
38	27	143	
16	79	196	
23	32	124	
14	64	6	
3	42	24	
25	38	3	
39	57	99	
39	56	100	
6	85	179	
27	26	73	
36	42	189	
32	28	192	
34	35	33	
15	59	49	
1	58	150	
93	5	24	
55	13	109	
45	53	171	
10	64	92	
41	32	42	
53	8	176	
1	51	73	
4	79	188	
61	19	108	
12	81	126	
15	76	111	
5	93	153	
56	17	102	
35	43	77	
65	18	160	
81	18	56	
51	42	39	
43	38	80	
57	12	166	
29	22	186	
10	82	95	
82	17	106	
59	38	195	
43	41	23	
92	7	60	
57	15	150	
59	13	120	
71	17	163	
86	9	73	
68	6	193	
34	55	139	
40	25	89	
42	20	148	
15	78	155	
19	54	121	
74	15	36	
39	22	166	
12	63	25	
6	67	193	
2	78	52	
32	41	150	
13	83	183	
14	40	51	
59	18	115	
14	71	24	
1	74	11	
83	12	155	
50	10	76	
8	62	175	
75	19	185	
26	55	195	
49	32	127	
28	22	126	
31	44	58	
52	41	71	
32	27	13	
49	16	57	
11	77	55	
36	9	52	
43	22	59	
34	11	82	
66	25	192	
22	29	98	
12	36	60	
66	14	58	
15	66	83	
17	40	105	
24	58	89	
36	55	8	
3	55	34	
31	20	20	
85	10	113	
50	25	66	
39	10	98	
17	56	111	
59	31	58	
6	79	143	
56	6	145	
38	49	148	
44	10	81	
26	65	158	
22	33	57	
37	12	11	
24	45	47	
38	44	115	
11	54	117	
45	6	25	
38	7	166	
47	38	131	
67	17	128	
48	42	111	
53	7	191	
76	10	186	
71	11	136	
3	85	32	
13	57	65	
29	20	15	
22	77	189	
30	39	186	
2	73	24	
9	89	127	
49	18	67	
7	38	92	
35	61	167	
3	61	194	
82	17	166	
7	53	146	
14	75	128	
25	54	29	
27	36	67	
76	6	180	
37	21	19	
36	22	69	
55	32	135	
43	51	159	
25	46	151	
45	44	2	
40	52	84	
85	11	196	
31	42	166	
22	55	80	
49	19	55	
38	27	136	
14	42	24	
5	79	90	
45	16	61	
17	45	69	
48	6	62	
1	74	20	
3	82	107	
15	78	26	
38	59	162	
90	8	158	
2	65	45	
52	18	4	
83	11	18	
54	45	199	
24	42	199	
25	57	123	
39	25	159	
62	21	95	
25	72	124	
15	65	199	
1	52	153	
40	38	159	
31	58	148	
31	49	144	
28	47	129	
77	13	2	
69	6	88	
9	49	72	
12	33	92	
17	72	104	
83	9	121	
6	85	36	
37	61	101	
70	24	48	
15	79	17	
19	32	172	
19	31	6	
42	32	48	
9	85	2	
77	14	123	
23	59	114	
15	76	184	
3	60	72	
25	28	37	
22	50	189	
64	27	139	
40	53	113	
34	33	175	
29	68	147	
27	23	20	
15	32	77	
15	50	52	
6	89	190	
29	37	66	
27	28	96	
10	59	49	
26	32	24	
10	61	74	
6	63	61	
9	76	125	
7	43	66	
36	29	160	
6	44	25	
25	44	138	
16	42	32	
53	7	171	
35	45	86	
13	42	105	
2	96	182	
71	22	71	
33	22	93	
9	81	5	
19	45	42	
7	62	58	
61	26	60	
47	31	47	
61	24	7	
52	45	183	
29	19	184	
13	75	146	
1	70	3	
63	23	176	
9	40	131	
12	33	136	
67	8	149	
70	16	71	
16	63	38	
21	70	71	
2	96	49	
21	63	110	
26	41	196	
50	46	145	
54	30	51	
7	87	3	
80	13	106	
43	36	8	
48	25	61	
34	46	190	
3	56	102	
31	67	134	
11	69	103	
48	47	102	
81	10	22	
23	46	136	
9	71	90	
50	24	100	
77	21	135	
13	61	145	
40	21	69	
44	19	171	
2	93	23	
30	24	79	
20	70	165	
56	29	81	
5	80	5	
45	19	85	
39	22	50	
70	17	40	
45	35	165	
51	35	79	
76	15	178	
24	51	25	
1	61	141	
44	40	82	
39	19	34	
21	61	45	
36	57	14	
6	58	132	
52	31	112	
37	21	57	
54	7	151	
25	55	93	
8	72	184	
49	50	95	
46	16	193	
25	55	180	
36	18	63	
39	19	153	
52	47	100	
11	49	60	
31	35	157	
11	68	163	
40	54	80	
77	19	35	
59	34	185	
60	13	153	
51	25	142	
19	56	136	
16	32	42	
27	30	52	
15	81	112	
17	63	169	
39	56	89	
3	82	109	
75	16	112	
70	12	116	
48	33	82	
9	85	115	
79	17	54	
18	27	54	
13	78	105	
1	53	169	
35	48	2	
28	47	100	
37	42	3	
10	72	38	
23	24	8	
30	51	137	
38	35	15	
36	26	135	
44	53	166	
21	36	55	
42	51	191	
21	63	4	
14	70	8	
47	28	38	
2	68	75	
2	63	158	
90	7	170	
6	86	110	
39	19	17	
49	13	137	
36	17	137	
32	67	69	
47	27	110	
11	87	187	
50	27	19	
46	52	122	
57	27	193	
35	26	13	
63	12	35	
40	42	85	
34	13	166	
23	46	72	
31	30	59	
63	29	49	
11	54	129	
9	68	125	
85	5	116	
48	17	137	
64	13	179	
10	38	50	
46	47	9	
69	13	114	
92	7	197	
62	24	64	
39	10	7	
17	64	126	
40	16	141	
8	83	121	
3	48	43	
41	51	113	
28	70	146	
2	61	172	
46	35	119	
1	64	4	
11	49	101	
4	52	28	
7	56	149	
65	7	18	
87	5	37	
78	21	81	
8	41	24	
38	30	167	
58	41	194	
16	44	189	
7	47	66	
13	82	72	
12	37	200	
36	14	125	
25	49	145	
30	37	147	
7	91	131	
13	45	30	
56	40	68	
34	56	119	
38	18	173	
14	51	85	
33	50	57	
48	15	55	
34	49	77	
20	53	135	
1	91	118	
40	27	123	
18	59	192	
41	54	150	
10	37	200	
15	82	55	
54	30	96	
22	47	194	
37	48	153	
5	66	8	
4	72	18	
90	7	54	
31	58	84	
3	58	194	
20	40	118	
87	5	186	
7	55	25	
40	23	39	
58	18	153	
20	57	81	
8	47	102	
60	14	158	
12	65	184	
56	30	37	
17	71	147	
51	32	113	
68	14	182	
87	9	185	
56	13	174	
32	52	13	
26	30	3	
39	42	146	
30	58	178	
10	56	195	
13	57	156	
33	32	102	
60	20	23	
1	61	137	
64	16	175	
10	63	71	
35	43	12	
34	30	132	
36	30	154	
28	30	17	
64	17	85	
56	37	128	
55	18	196	
44	9	7	
42	41	36	
21	73	145	
39	52	179	
39	46	70	
43	14	151	
16	75	192	
76	15	28	
18	51	40	
32	48	42	
14	81	112	
22	33	2	
80	12	67	
56	26	97	
49	36	175	
44	40	51	
17	35	143	
31	38	38	
4	42	83	
11	56	77	
14	48	13	
49	10	59	
23	27	158	
5	67	180	
47	24	4	
8	47	139	
48	17	52	
3	45	130	
19	61	178	
28	36	132	
21	65	159	
40	58	161	
41	58	50	
38	18	72	
52	19	19	
84	15	70	
12	58	75	
51	10	97	
5	64	102	
62	7	24	
17	53	60	
57	27	77	
36	44	137	
62	21	86	
39	13	121	
88	9	163	
28	19	156	
28	42	11	
25	30	125	
82	12	197	
19	33	106	
52	16	120	
27	54	193	
23	38	158	
25	68	125	
32	28	188	
24	32	101	
56	34	189	
15	35	8	
51	39	51	
47	24	106	
17	75	57	
62	26	180	
39	43	166	
48	23	48	
44	6	100	
34	18	38	
38	56	126	
34	59	58	
1	44	185	
68	26	56	
64	18	35	
10	54	95	
38	50	99	
22	39	179	
6	83	6	
73	24	41	
41	56	180	
67	29	187	
4	58	170	
28	34	76	
55	18	55	
87	7	148	
39	41	9	
5	70	196	
29	25	106	
62	36	182	
43	27	61	
67	28	86	
49	49	91	
78	14	18	
28	35	138	
65	24	95	
75	19	196	
11	45	88	
24	42	56	
54	23	188	
23	69	124	
85	10	109	
30	46	16	
56	18	180	
23	56	183	
76	19	197	
1	59	10	
31	67	129	
31	22	39	
30	36	134	
39	52	40	
67	26	181	
23	56	75	
32	15	5	
84	11	84	
50	41	156	
40	54	93	
78	6	62	
27	34	136	
2	59	181	
25	47	143	
41	23	31	
32	22	32	
46	9	153	
46	40	19	
19	76	68	
31	39	71	
49	8	88	
1	63	68	
37	24	53	
65	22	12	
47	33	32	
4	69	180	
38	61	134	
25	53	35	
54	8	11	
5	82	187	
76	19	177	
22	68	52	
21	73	33	
15	36	165	
66	13	139	
56	28	141	
65	22	1	
41	43	110	
37	49	199	
11	57	28	
35	59	153	
62	11	108	
67	11	197	
13	47	183	
20	40	163	
26	26	135	
37	51	153	
19	48	170	
49	20	63	
3	71	66	
39	55	83	
25	53	19	
78	16	2	
34	52	27	
5	55	113	
16	59	53	
63	31	149	
15	36	97	
60	16	146	
23	31	118	
1	75	161	
47	31	68	
52	44	60	
42	37	13	
3	63	73	
30	60	43	
36	63	72	
53	34	165	
11	86	127	
23	26	34	
38	44	21	
51	9	184	
5	44	77	
41	21	162	
57	37	11	
16	49	144	
54	19	89	
23	60	8	
68	31	175	
9	49	139	
25	45	9	
4	41	167	
38	24	117	
28	39	174	
38	60	126	
41	54	150	
30	27	48	
28	26	41	
17	78	38	
43	53	63	
33	50	106	
5	88	66	
32	35	177	
14	54	164	
38	18	91	
33	61	24	
47	50	122	
20	78	163	
89	5	103	
2	63	142	
48	34	142	
22	76	102	
6	53	76	
60	9	195	
25	68	71	
2	75	97	
6	93	29	
27	50	46	
10	74	7	
82	9	131	
20	64	38	
50	8	28	
71	19	105	
9	42	34	
49	26	115	
39	44	43	
61	12	69	
44	13	142	
6	62	37	
13	78	87	
3	92	159	
25	55	11	
26	61	189	
39	8	170	
68	21	149	
11	37	14	
4	42	7	
6	80	57	
41	28	21	
1	98	82	
38	30	30	
32	39	132	
71	20	38	
57	24	172	
2	60	10	
16	72	41	
75	23	198	
40	27	86	
16	38	105	
10	58	114	
10	82	174	
40	57	59	
57	42	50	
20	63	29	
31	46	14	
37	25	41	
42	12	172	
48	33	187	
42	38	89	
46	31	168	
10	57	135	
22	71	199	
42	25	79	
72	25	143	
10	71	128	
6	53	70	
64	27	131	
1	86	113	
5	61	5	
86	9	145	
30	29	200	
72	21	182	
38	35	124	
47	45	198	
32	62	102	
76	10	194	
56	6	106	
39	38	130	
46	28	149	
63	20	94	
31	52	168	
70	8	187	
24	34	190	
77	15	66	
55	29	197	
26	30	167	
6	84	135	
25	29	100	
2	84	108	
59	25	44	
28	47	15	
40	15	128	
53	34	137	
49	9	39	
35	16	43	
20	47	71	
19	62	90	
22	58	26	
22	51	114	
17	37	99	
19	49	146	
54	43	13	
76	13	168	
16	56	22	
31	53	44	
44	42	30	
80	19	98	
20	47	24	
37	52	156	
46	15	117	
46	39	181	
57	23	58	
16	56	105	
27	72	53	
5	68	57	
31	15	148	
89	6	2	
30	16	28	
22	65	114	
16	50	6	
69	13	48	
28	40	166	
36	52	187	
29	33	139	
2	44	106	
40	15	34	
26	35	97	
22	70	149	
71	27	200	
50	48	140	
6	92	171	
91	7	92	
67	7	148	
19	70	141	
36	20	73	
48	34	132	
29	55	176	
39	34	161	
26	62	138	
39	41	181	
26	29	76	
1	89	121	
47	40	104	
62	31	166	
36	38	176	
4	50	158	
23	49	22	
17	70	28	
25	53	158	
4	95	87	
55	22	94	
45	33	94	
62	26	41	
14	62	52	
30	27	79	
33	41	1	
21	52	45	
74	18	131	
54	43	67	
11	50	66	
63	17	195	
90	8	24	
14	42	168	
57	13	21	
76	8	17	
40	55	36	
68	23	192	
13	82	14	
70	28	72	
66	24	164	
3	42	152	
51	30	123	
23	64	57	
26	53	73	
8	91	15	
76	18	78	
38	21	135	
79	12	6	
71	13	153	
65	14	114	
7	81	25	
82	9	155	
6	82	200	
48	21	37	
40	16	154	
58	21	137	
80	18	29	
52	33	130	
8	58	63	
5	73	189	
58	8	60	
67	20	170	
2	49	113	
50	14	180	
38	24	92	
37	45	113	
12	62	49	
61	5	72	
65	17	92	
63	6	32	
52	10	83	
25	55	131	
47	44	32	
15	72	185	
49	10	87	
51	39	90	
2	75	39	
19	44	6	
38	59	129	
66	9	82	
13	85	148	
20	66	37	
20	42	143	
16	52	117	
20	32	163	
83	9	16	
39	38	37	
14	54	13	
32	62	96	
1	57	104	
20	38	22	
71	19	101	
53	7	193	
16	33	64	
84	8	101	
25	57	119	
43	44	171	
8	45	108	
3	96	101	
7	57	74	
17	63	57	
1	66	31	
74	15	121	
13	38	75	
22	51	43	
5	49	21	
58	7	33	
23	54	36	
52	43	154	
19	32	77	
61	25	84	
4	92	73	
39	41	6	
14	57	108	
54	34	191	
70	20	61	
19	39	177	
36	54	69	
36	56	104	
30	30	200	
14	55	50	
26	41	134	
12	69	99	
25	50	26	
14	54	69	
37	21	157	
22	56	21	
64	17	162	
29	64	57	
55	6	178	
47	22	153	
42	51	179	
14	69	185	
11	82	5	
28	44	94	
57	20	146	
22	56	50	
30	33	76	
30	37	66	
1	93	24	
41	6	21	
6	42	123	
21	58	30	
26	35	109	
25	73	34	
10	45	14	
7	62	30	
30	52	3	
47	40	141	
5	67	200	
68	8	191	
77	22	73	
26	51	32	
61	33	2	
68	25	71	
54	27	126	
52	8	38	
50	29	38	
33	33	27	
38	42	144	
19	77	68	
34	57	48	
75	16	175	
46	11	200	
10	85	85	
46	49	102	
10	51	180	
23	28	26	
13	39	8	
25	32	170	
63	12	126	
22	35	30	
7	61	141	
31	21	196	
10	47	74	
52	21	152	
34	20	12	
12	72	11	
29	47	75	
38	8	178	
49	45	91	
64	20	45	
18	40	184	
2	97	170	
43	54	159	
5	59	125	
32	45	149	
66	21	109	
16	47	47	
59	24	157	
12	80	85	
30	44	20	
32	59	85	
30	26	87	
1	56	146	
84	9	41	
20	39	57	
51	40	47	
54	20	198	
34	29	93	
47	35	158	
16	49	197	
3	91	70	
2	83	52	
71	19	154	
2	56	67	
15	81	122	
50	9	195	
35	18	176	
70	11	104	
50	14	200	
22	69	86	
48	5	84	
2	78	105	
87	12	60	
3	96	124	
23	36	196	
60	37	1	
23	36	177	
40	44	36	
9	78	162	
30	62	53	
37	33	48	
46	52	39	
21	29	134	
3	83	86	
43	13	103	
2	64	68	
3	94	113	
14	84	36	
53	24	69	
16	50	64	
60	7	73	
37	58	130	
4	63	190	
15	40	114	
8	39	20	
73	19	58	
42	35	172	
24	26	169	
39	52	110	
17	33	123	
40	26	21	
36	49	108	
54	10	167	
5	84	139	
2	71	128	
5	55	148	
34	43	2	
30	26	120	
27	26	6	
27	24	31	
30	41	36	
27	64	173	
29	17	194	
68	27	146	
19	58	147	
67	27	141	
5	56	7	
12	54	93	
36	63	28	
43	33	83	
81	5	87	
17	63	109	
30	68	103	
51	13	163	
87	7	197	
32	62	27	
31	20	182	
15	75	6	
18	73	200	
83	16	79	
36	31	113	
38	17	164	
36	36	95	
69	19	66	
10	73	31	
60	6	49	
21	26	150	
11	62	32	
56	27	65	
43	14	78	
71	23	72	
81	17	197	
36	47	173	
34	37	50	
1	67	168	
35	34	115	
9	84	78	
58	14	36	
15	49	130	
18	52	9	
73	9	140	
18	46	14	
29	49	195	
79	10	145	
18	81	28	
57	5	156	
71	15	40	
64	6	87	
54	25	21	
36	50	100	
62	33	184	
27	59	28	
36	48	145	
61	28	191	
37	16	180	
50	25	153	
28	34	95	
45	31	76	
50	9	114	
48	25	33	
44	55	159	
40	52	15	
9	87	115	
9	85	10	
5	55	29	
47	14	123	
34	11	99	
13	65	126	
50	33	180	
76	19	158	
87	11	67	
49	8	21	
63	20	30	
63	22	40	
20	31	198	
33	35	11	
47	20	193	
34	32	77	
50	15	179	
10	86	32	
13	48	136	
24	69	32	
17	40	51	
53	36	41	
70	13	51	
48	40	42	
21	39	24	
66	20	154	
50	23	103	
61	23	149	
37	56	108	
85	13	185	
9	48	160	
37	45	68	
4	66	40	
3	87	168	
47	25	18	
51	20	156	
24	44	108	
71	6	98	
86	13	55	
29	69	41	
89	7	159	
1	70	109	
23	66	144	
84	11	94	
34	45	153	
24	60	169	
12	63	43	
25	59	153	
23	66	145	
60	5	165	
24	70	127	
47	18	185	
29	64	172	
47	5	12	
18	68	190	
56	31	191	
3	57	126	
48	51	17	
13	40	123	
49	12	82	
78	6	4	
13	67	27	
1	88	26	
8	57	92	
21	31	151	
81	7	130	
21	45	30	
10	66	177	
12	54	127	
14	42	165	
19	76	87	
34	33	28	
27	35	11	
71	21	72	
17	79	22	
88	6	161	
59	6	78	
28	22	184	
31	63	111	
41	52	164	
2	92	137	
84	5	2	
44	38	183	
27	40	162	
8	38	196	
74	19	177	
66	28	46	
40	45	168	
67	6	144	
24	69	182	
43	15	64	
35	41	180	
28	17	75	
22	37	76	
21	76	190	
27	58	177	
41	50	193	
9	48	93	
47	38	127	
28	59	195	
43	5	168	
18	58	6	
88	6	175	
59	9	34	
45	35	109	
17	41	100	
58	20	42	
6	56	154	
15	54	191	
64	30	34	
1	62	182	
7	53	160	
81	15	180	
7	87	171	
18	65	150	
22	49	27	
4	85	140	
32	40	55	
2	49	51	
67	14	86	
26	51	109	
47	13	95	
16	74	82	
2	45	175	
10	63	159	
72	21	70	
2	44	73	
43	30	120	
31	18	9	
51	38	66	
51	42	116	
32	47	15	
2	69	41	
3	47	67	
53	19	70	
58	24	57	
32	20	47	
40	15	36	
59	30	15	
30	63	164	
29	46	147	
8	40	37	
27	72	191	
8	42	46	
44	24	25	
41	51	121	
40	38	114	
76	14	172	
68	27	80	
10	70	123	
37	17	136	
66	33	192	
43	26	69	
69	25	176	
53	26	159	
37	30	52	
61	33	15	
37	25	35	
24	21	111	
11	47	115	
9	61	125	
8	78	21	
20	61	160	
59	26	42	
26	51	56	
24	32	72	
32	54	119	
46	25	104	
41	49	70	
14	36	55	
75	14	4	
27	66	200	
22	58	195	
41	19	159	
47	10	78	
54	25	60	
3	58	51	
57	26	95	
54	9	126	
59	6	69	
16	36	33	
28	28	24	
11	53	66	
48	37	31	
72	7	82	
69	30	1	
45	16	130	
3	47	38	
7	81	31	
34	52	40	
27	27	11	
49	12	158	
7	49	52	
13	62	82	
15	37	144	
42	57	144	
33	61	144	
27	42	91	
21	74	106	
23	50	74	
37	32	179	
41	11	188	
16	79	71	
24	53	44	
54	6	42	
45	39	55	
30	54	42	
35	53	181	
59	14	66	
79	8	153	
65	27	88	
58	5	181	
47	35	108	
11	48	75	
23	63	147	
39	34	75	
3	93	139	
53	45	194	
46	15	16	
23	65	97	
39	17	40	
23	64	163	
29	57	101	
41	51	66	
16	31	67	
14	40	51	
32	45	98	
11	62	146	
67	22	114	
20	72	171	
57	41	113	
58	30	73	
41	36	47	
31	14	149	
74	19	128	
70	24	199	
49	46	68	
11	67	112	
44	12	105	
39	14	15	
58	40	49	
34	57	3	
20	42	29	
23	34	100	
49	33	146	
5	91	108	
71	21	94	
47	44	143	
72	5	149	
35	63	114	
5	70	172	
24	34	69	
16	51	92	
47	51	119	
18	33	108	
5	40	94	
12	64	144	
75	24	110	
28	62	128	
8	43	122	
34	17	175	
49	41	94	
76	23	173	
32	58	47	
29	57	35	
68	30	54	
42	12	99	
38	27	81	
20	64	121	
66	20	164	
83	16	106	
12	35	174	
8	45	50	
16	45	153	
28	52	30	
24	29	122	
20	43	80	
51	37	114	
11	53	135	
2	84	166	
12	48	39	
34	20	33	
6	92	150	
37	38	27	
14	40	58	
22	23	86	
57	29	105	
4	87	60	
16	40	169	
27	40	25	
27	63	49	
22	61	192	
2	73	200	
4	47	179	
62	31	132	
38	49	78	
9	53	23	
27	59	13	
80	16	39	
2	94	150	
34	40	37	
24	28	196	
25	27	39	
6	61	56	
55	29	77	
31	51	192	
6	83	45	
42	12	196	
82	8	68	
3	91	59	
9	68	55	
2	68	118	
13	72	64	
63	34	137	
7	51	84	
12	42	55	
36	23	153	
43	31	32	
34	51	62	
3	78	130	
64	33	134	
30	38	104	
50	25	57	
8	39	176	
33	14	46	
3	69	129	
31	37	95	
41	39	126	
8	47	184	
65	34	59	
19	59	76	
18	80	108	
31	52	154	
84	14	36	
45	42	125	
51	36	126	
5	41	76	
3	56	48	
51	18	188	
27	43	21	
22	63	176	
65	16	20	
64	34	111	
3	52	81	
47	18	4	
61	7	181	
27	68	13	
31	49	93	
42	9	22	
7	90	61	
24	36	136	
47	35	69	
23	76	77	
32	26	118	
2	77	197	
39	39	131	
10	77	1	
36	13	192	
72	9	21	
46	31	48	
82	11	87	
70	7	200	
30	61	3	
14	58	108	
8	39	57	
62	9	188	
82	15	1	
9	45	24	
2	86	30	
20	59	190	
62	25	44	
48	27	187	
21	73	67	
18	70	187	
33	12	127	
25	46	94	
49	40	71	
36	39	11	
2	94	96	
8	76	60	
15	38	76	
18	44	155	
55	36	117	
47	15	38	
34	54	120	
33	35	134	
19	78	108	
1	72	79	
13	62	167	
37	47	113	
8	76	57	
30	58	170	
58	20	144	
45	52	192	
8	41	192	
3	96	50	
60	34	198	
15	36	75	
37	11	40	
59	12	129	
49	9	15	
19	34	66	
8	75	128	
65	31	84	
23	73	170	
16	49	134	
54	35	66	
22	71	191	
54	27	70	
40	56	154	
16	44	24	
62	30	46	
3	70	200	
17	60	136	
9	84	67	
67	8	81	
7	83	4	
42	24	90	
21	41	54	
20	46	167	
53	35	28	
62	15	165	
2	75	65	
7	41	31	
10	81	42	
35	11	116	
17	75	102	
52	31	49	
16	81	57	
34	16	72	
53	6	118	
16	64	16	
35	57	5	
24	67	46	
7	42	85	
30	40	12	
72	12	135	
32	53	107	
69	27	5	
35	54	197	
20	70	143	
74	24	128	
53	29	120	
3	87	157	
37	10	82	
4	91	74	
44	38	55	
38	31	144	
68	9	159	
52	22	155	
3	81	83	
26	56	143	
13	65	69	
6	80	70	
38	49	127	
34	37	129	
20	56	160	
32	45	142	
10	44	17	
5	79	155	
20	30	78	
10	82	183	
14	38	71	
12	40	189	
15	44	191	
11	46	179	
28	17	149	
50	49	63	
29	59	67	
18	81	195	
35	50	62	
30	48	56	
17	32	153	
12	52	90	
38	32	9	
53	7	89	
75	21	158	
84	12	124	
45	45	142	
69	10	92	
67	18	166	
49	42	91	
43	20	107	
42	12	183	
30	65	26	
42	14	163	
53	46	152	
6	76	7	
24	54	135	
29	33	30	
24	69	40	
75	18	22	
5	50	46	
64	6	91	
1	68	51	
12	58	179	
19	53	75	
17	29	8	
1	61	151	
17	70	176	
17	72	94	
27	38	96	
56	22	110	
12	36	77	
48	38	48	
17	58	23	
12	61	75	
6	71	49	
35	45	8	
41	51	158	
3	69	157	
3	49	111	
24	72	132	
9	75	38	
58	41	146	
23	40	20	
13	78	177	
31	40	13	
11	57	47	
27	38	76	
26	40	22	
38	7	116	
35	45	178	
51	16	138	
4	81	109	
71	19	197	
27	67	128	
25	63	165	
31	49	48	
50	10	40	
27	59	143	
26	42	119	
3	85	57	
19	47	199	
17	53	142	
24	67	179	
42	41	5	
56	35	142	
7	80	143	
37	18	62	
27	25	48	
31	43	40	
12	81	171	
60	18	62	
4	94	84	
72	24	128	
29	31	173	
12	84	89	
22	34	117	
8	83	84	
18	62	144	
3	59	162	
10	80	3	
28	22	22	
13	48	52	
15	33	37	
12	42	112	
25	26	116	
20	43	61	
33	28	31	
32	51	85	
35	60	192	
19	57	168	
7	85	195	
46	29	134	
69	22	197	
71	28	6	
18	67	200	
55	42	178	
56	6	103	
33	55	13	
5	62	169	
8	68	111	
12	63	161	
69	5	13	
36	58	134	
26	24	56	
17	43	60	
28	48	97	
1	55	52	
45	22	172	
57	28	97	
41	52	66	
31	67	119	
60	6	129	
32	47	26	
12	63	144	
5	63	192	
54	29	79	
62	34	63	
4	63	191	
28	28	154	
28	29	83	
32	25	147	
56	21	191	
61	8	149	
89	7	62	
72	9	24	
7	62	111	
28	54	48	
14	33	45	
55	21	15	
1	48	189	
53	21	105	
28	70	131	
12	58	17	
48	13	68	
7	84	98	
29	69	194	
19	35	84	
12	45	115	
66	21	72	
75	19	68	
22	56	4	
52	11	92	
56	22	5	
34	16	183	
41	36	153	
53	32	156	
72	17	70	
37	57	38	
27	47	179	
9	45	150	
22	73	187	
38	53	58	
42	18	111	
25	50	56	
9	38	171	
12	60	60	
21	66	170	
22	74	58	
5	77	36	
40	51	71	
30	18	160	
82	16	143	
64	31	182	
79	12	136	
6	45	82	
21	59	61	
36	25	142	
40	15	70	
59	10	71	
72	10	61	
20	71	89	
53	19	196	
51	41	66	
50	42	67	
2	80	83	
24	29	127	
36	60	123	
35	51	163	
70	9	130	
56	11	139	
28	44	162	
32	32	63	
43	40	81	
47	5	86	
10	81	160	
29	42	57	
38	46	200	
32	44	180	
38	8	17	
56	29	101	
64	24	192	
13	73	124	
52	15	200	
56	42	170	
17	65	99	
19	55	62	
41	7	50	
46	15	51	
2	94	50	
45	15	151	
57	12	78	
37	58	12	
15	46	165	
27	49	100	
37	60	60	
30	37	111	
36	63	196	
63	29	109	
55	21	51	
1	94	83	
58	5	170	
72	13	195	
72	17	45	
54	38	34	
16	53	193	
20	40	120	
90	8	123	
10	67	93	
3	55	99	
66	20	189	
55	31	28	
27	57	152	
29	56	127	
11	65	178	
38	18	33	
28	68	52	
13	61	160	
22	77	54	
5	74	50	
17	68	150	
11	38	48	
54	24	167	
34	31	140	
30	56	12	
62	23	130	
50	35	67	
23	40	151	
37	56	105	
30	52	70	
65	26	33	
47	20	154	
77	22	59	
30	16	27	
11	77	188	
22	42	8	
51	23	198	
14	76	131	
55	25	94	
60	11	185	
29	55	68	
21	36	70	
77	9	177	
80	10	24	
80	8	24	
31	59	8	
14	74	68	
41	35	64	
4	54	94	
31	65	11	
37	10	121	
32	43	119	
4	41	168	
8	60	193	
39	27	59	
42	41	187	
24	49	25	
10	74	106	
55	41	155	
22	43	140	
11	55	170	
31	59	17	
37	32	143	
53	27	180	
51	46	195	
14	47	166	
20	65	43	
30	15	68	
52	30	185	
30	66	95	
1	83	152	
52	23	70	
10	57	61	
24	41	62	
13	72	45	
26	46	196	
9	69	63	
55	17	121	
33	21	73	
21	51	115	
2	69	78	
40	11	75	
1	44	92	
31	29	72	
1	86	121	
9	75	42	
74	20	177	
43	18	71	
54	5	109	
28	66	32	
32	21	49	
30	56	88	
30	50	169	
35	34	132	
89	7	79	
81	16	26	
23	31	57	
19	38	81	
25	62	63	
54	43	177	
86	6	5	
63	33	79	
40	55	125	
26	19	36	
51	27	166	
48	31	29	
49	19	84	
31	62	150	
65	24	70	
10	65	191	
2	55	38	
2	91	43	
18	47	91	
57	20	42	
45	34	89	
32	59	185	
7	42	131	
37	47	71	
72	19	49	
40	48	61	
10	80	135	
82	7	90	
74	7	83	
19	52	57	
18	68	151	
67	14	149	
8	41	55	
75	18	135	
42	37	94	
27	37	180	
67	7	186	
2	79	58	
53	18	179	
50	40	170	
22	70	96	
42	13	147	
27	22	200	
19	29	104	
56	37	147	
64	32	21	
10	64	16	
30	32	53	
23	75	144	
38	49	63	
38	14	115	
42	43	180	
12	60	90	
39	56	105	
16	78	4	
46	9	8	
21	36	62	
6	44	18	
18	51	26	
36	20	59	
54	23	27	
29	58	157	
17	77	20	
43	41	170	
60	18	42	
64	29	169	
19	77	117	
32	13	138	
28	71	48	
67	20	24	
47	25	109	
27	70	186	
6	84	152	
6	42	70	
3	54	39	
57	41	73	
27	55	109	
56	30	67	
24	69	164	
38	13	90	
3	68	139	
70	22	135	
8	50	133	
59	11	27	
50	18	126	
54	24	52	
78	10	153	
29	70	18	
43	49	23	
10	50	35	
53	18	187	
48	46	152	
47	52	135	
36	12	186	
22	27	117	
8	68	36	
64	20	131	
56	16	161	
21	40	194	
1	65	28	
36	46	39	
1	60	44	
40	28	82	
61	35	39	
9	67	14	
32	45	139	
31	54	196	
14	39	198	
20	54	24	
33	30	47	
28	42	112	
50	33	80	
59	6	43	
82	9	34	
50	36	51	
50	33	197	
8	83	30	
2	77	53	
61	7	14	
37	39	195	
16	74	39	
18	50	106	
3	96	148	
29	66	173	
56	29	165	
35	26	31	
63	17	35	
13	74	16	
7	59	42	
36	19	48	
48	30	29	
26	71	40	
20	31	72	
33	27	162	
4	57	72	
16	65	161	
32	64	81	
42	18	68	
32	63	143	
70	14	3	
12	87	187	
45	24	140	
16	50	6	
43	9	186	
21	39	98	
37	33	139	
13	64	11	
63	12	79	
35	56	135	
43	37	120	
2	83	132	
31	29	140	
38	16	178	
39	9	65	
47	20	37	
52	33	15	
26	60	63	
1	62	182	
14	62	53	
60	16	53	
2	56	91	
50	47	85	
86	10	135	
8	84	46	
44	51	90	
52	34	154	
82	11	114	
80	5	56	
45	11	173	
38	52	155	
72	7	5	
65	25	157	
34	15	178	
28	58	69	
5	59	171	
57	42	21	
21	35	117	
38	17	70	
39	11	63	
14	59	56	
30	59	44	
4	77	30	
18	69	111	
58	32	173	
18	55	145	
69	16	115	
73	18	76	
47	28	15	
15	41	194	
41	32	194	
10	69	195	
40	33	37	
18	44	132	
35	24	83	
9	58	70	
66	9	148	
15	68	22	
80	18	78	
45	16	192	
19	62	188	
5	60	169	
46	8	200	
53	16	32	
42	30	65	
16	35	78	
37	17	85	
78	7	124	
51	44	59	
6	41	68	
54	15	28	
26	42	61	
73	25	31	
19	75	43	
47	45	9	
65	17	103	
65	21	5	
11	63	32	
33	24	159	
48	21	68	
23	60	155	
38	59	149	
4	67	18	
36	50	163	
49	25	134	
21	71	16	
49	41	10	
57	10	197	
35	55	5	
3	48	120	
8	62	51	
34	59	90	
75	23	125	
28	35	126	
45	43	11	
14	78	54	
44	40	122	
27	31	85	
41	48	38	
66	10	166	
26	52	165	
2	85	73	
2	87	190	
52	22	195	
20	68	26	
66	19	192	
47	37	9	
41	40	131	
69	30	77	
84	11	65	
4	80	123	
48	34	7	
56	6	144	
68	10	111	
28	67	151	
22	66	153	
65	30	26	
52	38	185	
64	34	56	
9	62	46	
59	10	25	
22	48	38	
21	50	100	
2	87	106	
18	41	62	
40	35	117	
9	59	23	
30	23	62	
52	12	43	
11	78	189	
59	6	85	
11	74	15	
20	70	128	
78	6	55	
21	76	171	
40	17	190	
23	25	1	
30	26	127	
39	35	181	
7	60	177	
26	54	26	
22	70	149	
1	58	31	
52	29	55	
24	73	33	
60	28	115	
2	44	114	
45	8	163	
15	60	68	
65	13	73	
91	5	176	
77	21	55	
23	47	38	
50	41	96	
7	45	164	
65	28	160	
27	60	121	
29	60	57	
11	59	12	
7	39	56	
72	20	92	
9	46	197	
42	52	115	
26	59	108	
3	42	75	
62	19	39	
4	70	128	
53	46	143	
55	7	130	
31	17	102	
16	29	75	
52	41	98	
11	84	78	
40	34	67	
64	22	194	
48	15	129	
11	70	157	
17	34	103	
52	30	59	
59	11	24	
10	45	17	
14	82	67	
12	56	140	
4	58	60	
49	30	182	
42	51	54	
71	5	111	
6	55	27	
5	78	79	
46	8	72	
7	66	171	
21	41	200	
6	43	126	
67	32	123	
37	12	44	
6	39	122	
80	10	139	
24	31	157	
5	43	87	
67	6	198	
14	49	56	
40	23	121	
69	29	22	
8	53	29	
46	32	28	
41	57	90	
18	60	74	
66	17	120	
57	33	23	
50	36	4	
39	60	76	
39	58	193	
47	15	178	
40	22	140	
36	9	11	
4	43	3	
69	6	99	
39	44	55	
29	57	105	
44	13	49	
66	33	154	
34	48	112	
10	68	170	
46	15	43	
31	17	5	
57	18	28	
17	60	1	
13	58	158	
34	16	160	
59	38	79	
2	83	28	
25	55	7	
59	36	118	
20	54	131	
20	48	179	
43	33	126	
34	47	66	
21	64	73	
54	34	187	
10	64	163	
20	67	128	
66	11	15	
90	5	14	
38	47	172	
4	80	80	
29	18	28	
42	48	144	
32	23	148	
1	51	43	
91	5	178	
8	88	170	
45	20	150	
50	12	71	
3	91	36	
35	42	6	
44	39	73	
38	7	74	
56	30	66	
47	45	174	
25	46	151	
70	22	175	
58	35	43	
14	35	127	
5	74	6	
16	32	175	
45	43	65	
54	37	38	
22	69	151	
57	10	139	
6	81	81	
75	15	27	
34	36	101	
22	36	121	
2	52	51	
13	79	39	
54	35	126	
46	23	110	
33	42	71	
47	46	194	
16	57	173	
40	8	177	
53	9	56	
53	29	190	
30	25	25	
48	29	58	
42	34	87	
60	24	133	
70	10	86	
49	39	101	
2	50	60	
55	25	94	
41	37	199	
38	13	148	
40	13	187	
67	27	51	
11	79	26	
36	35	7	
5	50	124	
8	37	179	
52	16	103	
60	23	76	
42	48	84	
47	48	137	
51	20	162	
56	12	183	
65	34	183	
1	91	90	
65	6	59	
27	49	144	
54	24	27	
36	27	137	
29	43	5	
25	32	30	
32	54	122	
50	5	150	
21	72	10	
46	20	103	
17	66	16	
32	41	127	
23	65	42	
68	19	39	
61	27	101	
7	63	188	
56	18	107	
1	44	58	
9	52	179	
38	11	161	
5	63	103	
87	6	194	
43	46	118	
46	24	45	
15	60	83	
17	48	93	
24	64	39	
24	57	16	
43	51	138	
53	22	120	
30	23	104	
17	74	6	
2	94	8	
34	51	194	
54	35	14	
37	23	169	
28	30	139	
14	75	14	
36	36	77	
68	28	53	
44	26	157	
27	19	200	
24	36	76	
40	7	180	
18	40	120	
20	56	168	
22	24	67	
68	16	198	
55	34	88	
7	46	139	
8	67	152	
44	50	38	
53	37	5	
25	61	162	
22	33	149	
41	36	100	
14	53	59	
20	40	126	
14	55	143	
14	45	69	
33	65	194	
64	21	129	
32	45	70	
4	53	67	
36	24	52	
27	36	51	
7	66	41	
56	17	24	
40	46	179	
25	29	170	
63	33	39	
34	21	191	
39	45	88	
40	47	108	
31	63	153	
55	7	181	
63	21	38	
6	80	152	
39	28	83	
53	34	111	
1	86	198	
61	32	89	
30	31	10	
40	54	132	
65	14	176	
65	15	42	
50	48	180	
21	34	140	
19	64	129	
5	64	8	
13	56	151	
14	85	137	
5	94	56	
45	15	51	
17	52	62	
12	61	86	
17	82	170	
71	8	113	
3	92	57	
90	6	99	
64	7	196	
7	74	172	
24	52	178	
34	39	28	
9	72	55	
35	30	41	
7	86	39	
32	27	137	
52	11	90	
44	52	107	
71	12	149	
69	16	136	
13	82	153	
74	19	153	
61	35	8	
25	70	104	
17	61	156	
18	51	151	
32	54	154	
14	53	14	
7	62	150	
6	60	178	
18	37	94	
86	7	102	
55	32	88	
45	13	97	
57	23	13	
84	9	56	
3	72	6	
23	37	4	
58	30	61	
82	11	68	
57	23	75	
15	57	158	
29	68	167	
12	33	148	
10	56	152	
7	54	70	
66	15	159	
74	19	178	
31	43	100	
52	19	32	
82	8	58	
43	24	103	
30	38	78	
15	61	166	
23	27	170	
59	5	42	
17	53	180	
27	41	136	
9	36	45	
37	15	6	
7	41	164	
38	24	80	
24	28	200	
35	46	106	
40	33	33	
13	47	147	
74	6	30	
54	22	85	
70	23	34	
24	23	85	
9	62	147	
55	33	189	
25	60	164	
61	28	144	
30	31	55	
6	60	74	
15	34	136	
34	15	83	
43	54	55	
8	64	147	
51	25	17	
65	22	121	
34	30	133	
28	57	35	
35	31	109	
34	53	52	
16	67	147	
75	9	155	
47	17	186	
37	47	96	
47	28	93	
38	36	33	
37	31	152	
19	55	38	
6	87	36	
2	53	56	
64	23	97	
21	40	62	
21	44	25	
49	33	103	
12	66	65	
56	19	122	
48	14	19	
34	25	58	
55	40	123	
6	52	77	
14	39	52	
59	12	164	
81	7	189	
60	33	106	
51	10	84	
7	88	101	
20	65	114	
2	45	58	
9	67	43	
26	54	45	
16	72	7	
7	49	122	
83	16	151	
12	33	104	
71	11	149	
45	42	148	
42	52	182	
56	20	153	
69	19	115	
16	38	23	
37	13	60	
23	40	147	
20	35	117	
17	51	160	
24	46	123	
30	50	149	
23	41	156	
