12	39	257	
28	42	75	
13	54	136	
2	62	57	
68	29	234	
29	60	95	
18	50	179	
41	48	148	
51	45	217	
7	79	212	
66	32	232	
80	7	68	
45	24	75	
40	42	34	
15	62	32	
34	28	92	
10	41	278	
36	14	4	
50	21	153	
18	58	42	
53	17	166	
36	32	27	
84	11	16	
41	6	132	
7	89	92	
10	54	75	
67	25	230	
3	75	170	
72	12	291	
66	12	130	
35	60	230	
1	75	272	
23	63	119	
67	11	295	
24	54	12	
37	45	116	
7	88	68	
35	17	48	
10	62	268	
22	45	194	
7	90	173	
26	47	287	
7	45	142	
41	26	41	
15	40	221	
65	27	13	
22	74	128	
54	37	83	
13	49	236	
26	70	246	
70	16	93	
10	52	115	
32	53	27	
60	22	284	
28	58	48	
64	17	71	
5	86	223	
29	62	281	
66	33	85	
48	26	4	
25	24	203	
20	70	143	
39	32	132	
8	59	39	
26	56	282	
37	43	35	
51	46	32	
67	6	279	
57	40	1	
35	42	156	
34	47	8	
68	16	171	
53	13	134	
12	70	239	
64	35	117	
32	61	150	
15	65	274	
31	60	89	
2	43	152	
77	17	33	
10	81	226	
17	70	274	
54	9	153	
53	13	277	
21	24	237	
57	28	80	
29	65	248	
11	82	269	
13	46	175	
22	43	251	
64	13	132	
38	57	127	
13	57	76	
53	32	184	
63	10	108	
25	39	120	
32	61	32	
39	27	263	
70	10	94	
24	25	109	
9	63	177	
73	8	19	
1	46	189	
15	39	172	
41	40	38	
28	68	44	
39	59	41	
36	41	281	
8	53	71	
47	40	31	
15	33	12	
32	21	229	
50	17	65	
8	64	135	
4	51	272	
28	30	204	
55	41	93	
1	96	1	
49	38	180	
79	11	273	
8	50	214	
26	38	21	
40	41	283	
9	72	212	
78	17	174	
61	22	38	
36	54	238	
32	13	211	
34	39	51	
31	29	269	
23	35	232	
26	68	153	
10	57	112	
23	64	245	
58	38	105	
60	9	241	
16	29	185	
27	32	299	
6	70	7	
67	6	188	
27	47	140	
19	65	261	
52	44	49	
52	7	1	
25	36	39	
20	38	265	
12	35	81	
23	34	237	
42	6	294	
9	64	289	
33	60	31	
37	8	223	
39	45	202	
6	59	33	
36	61	96	
16	57	22	
54	38	105	
11	57	226	
48	32	115	
2	92	138	
81	18	130	
59	12	46	
42	15	193	
9	65	183	
4	83	72	
38	49	178	
5	61	200	
15	56	22	
84	14	274	
11	55	55	
28	64	2	
21	34	4	
46	45	109	
26	39	176	
64	27	233	
25	50	87	
2	75	75	
30	37	11	
68	29	79	
3	43	82	
16	73	174	
58	14	103	
39	50	188	
39	38	153	
7	84	147	
38	49	62	
40	13	285	
42	39	89	
84	13	293	
52	22	274	
23	71	284	
49	6	21	
55	16	280	
11	84	263	
29	42	129	
19	72	62	
52	17	25	
53	26	291	
32	46	230	
6	89	244	
16	41	181	
25	32	226	
28	31	6	
44	21	191	
16	48	292	
8	56	268	
80	14	17	
16	50	72	
1	59	141	
50	16	235	
47	13	71	
55	20	193	
11	83	266	
44	52	133	
34	14	137	
62	34	53	
10	36	219	
1	95	253	
15	37	141	
47	45	144	
77	19	243	
49	21	222	
45	5	126	
34	38	251	
64	27	113	
72	19	233	
15	73	255	
40	36	273	
65	25	265	
33	32	229	
34	64	150	
25	34	65	
20	67	83	
55	11	245	
48	17	45	
60	20	122	
31	42	180	
33	38	286	
8	41	26	
19	68	83	
47	23	42	
64	12	43	
55	8	85	
2	97	95	
37	30	260	
54	28	50	
10	70	202	
39	28	298	
79	7	110	
16	50	296	
42	41	79	
2	91	158	
78	9	151	
78	9	101	
70	29	61	
54	37	112	
60	13	263	
29	18	160	
31	34	67	
38	60	25	
46	37	271	
78	6	139	
52	5	109	
6	60	122	
53	29	235	
4	75	199	
9	59	82	
6	56	232	
69	19	5	
11	70	300	
27	32	244	
25	50	157	
50	41	148	
36	23	277	
75	12	226	
47	44	77	
29	23	236	
43	18	226	
6	41	224	
25	60	200	
43	13	245	
33	31	194	
83	11	9	
70	15	169	
15	42	184	
34	28	291	
4	81	92	
24	32	15	
79	8	41	
53	35	223	
45	30	152	
32	42	28	
58	37	100	
27	55	283	
17	39	242	
10	60	266	
6	93	50	
64	11	231	
51	28	254	
1	93	3	
52	31	121	
9	58	88	
34	28	223	
32	44	182	
29	51	6	
46	12	295	
1	79	8	
6	39	70	
21	33	236	
57	27	81	
17	74	166	
43	33	299	
32	57	219	
48	17	247	
20	73	68	
55	19	91	
20	66	98	
64	13	286	
18	45	77	
33	40	39	
41	14	297	
3	83	127	
3	51	74	
63	5	177	
14	75	50	
72	13	246	
6	80	176	
41	54	13	
47	19	73	
30	69	295	
29	56	195	
61	5	54	
26	37	23	
67	32	228	
37	24	222	
13	69	33	
63	30	32	
56	26	244	
13	39	225	
66	11	88	
52	15	251	
74	5	9	
43	7	222	
7	85	115	
68	29	172	
76	5	55	
21	47	43	
58	11	41	
38	17	97	
29	25	64	
84	12	270	
9	53	99	
2	65	252	
35	56	17	
11	81	112	
2	85	180	
11	46	14	
62	16	142	
7	81	84	
20	68	136	
44	7	234	
14	71	164	
44	26	102	
15	59	209	
90	9	213	
13	46	299	
11	71	258	
23	35	6	
6	62	24	
71	6	242	
58	19	227	
37	18	111	
62	37	244	
5	88	156	
40	48	51	
39	16	36	
13	72	97	
66	9	111	
16	39	169	
51	33	49	
48	48	208	
81	18	207	
60	37	205	
30	18	116	
29	61	100	
31	24	245	
32	48	22	
50	40	18	
55	22	298	
50	29	127	
65	25	57	
19	47	251	
5	64	139	
29	39	147	
28	54	149	
41	48	215	
17	43	39	
28	41	112	
62	30	291	
29	35	19	
32	14	142	
28	35	6	
47	18	137	
8	44	10	
18	44	255	
26	67	257	
11	64	163	
10	61	47	
55	25	249	
63	7	65	
36	55	268	
44	55	94	
6	52	86	
6	50	285	
4	87	27	
48	8	282	
40	31	85	
51	22	284	
32	26	80	
72	22	245	
41	36	35	
16	77	209	
29	29	61	
8	57	18	
12	46	104	
19	33	74	
87	8	187	
23	75	112	
39	58	1	
27	28	295	
8	45	53	
35	47	147	
14	35	73	
70	23	55	
36	17	235	
41	25	273	
3	60	191	
87	9	257	
22	39	286	
5	88	206	
45	23	170	
53	7	201	
54	17	187	
77	7	75	
37	46	33	
30	46	200	
9	45	23	
6	47	287	
5	84	68	
20	62	183	
27	24	191	
2	47	170	
57	12	91	
92	5	61	
17	41	194	
2	53	196	
35	34	127	
22	52	106	
22	28	294	
18	70	42	
26	45	154	
7	78	124	
38	25	63	
25	21	178	
47	49	284	
8	60	280	
7	58	244	
30	41	96	
57	35	282	
59	8	106	
34	13	171	
47	38	180	
28	22	274	
78	14	245	
1	89	182	
24	27	48	
23	66	72	
48	45	265	
3	77	291	
74	20	150	
56	27	238	
38	51	114	
25	21	275	
23	29	143	
7	48	72	
50	13	90	
47	42	243	
49	18	153	
46	9	67	
18	57	211	
32	62	196	
62	26	130	
69	9	57	
71	14	149	
38	33	120	
15	61	137	
26	23	181	
57	29	61	
12	42	71	
5	61	177	
41	35	13	
45	51	219	
5	59	278	
47	31	133	
35	22	44	
79	7	104	
32	64	226	
13	54	289	
43	18	143	
38	13	92	
57	12	136	
46	47	236	
31	48	110	
42	7	188	
55	17	103	
63	18	53	
33	19	23	
3	56	293	
6	63	224	
15	69	44	
19	30	213	
27	58	262	
44	18	29	
81	18	275	
31	30	283	
9	36	52	
43	44	148	
17	34	68	
42	51	97	
27	29	281	
13	62	23	
7	81	230	
58	9	220	
49	13	19	
54	8	23	
17	58	64	
21	36	30	
31	68	244	
26	43	244	
92	5	286	
5	78	235	
68	9	204	
77	18	297	
4	84	196	
18	37	247	
6	46	7	
42	25	187	
6	70	113	
31	23	220	
19	26	229	
87	5	141	
22	52	297	
56	26	58	
89	9	277	
44	10	17	
25	39	23	
56	29	226	
22	26	72	
21	77	112	
81	16	177	
9	88	102	
42	9	134	
17	55	162	
64	34	257	
65	28	198	
63	31	223	
20	49	19	
28	50	97	
6	70	240	
45	15	289	
7	60	114	
44	16	30	
33	37	85	
1	83	112	
3	86	21	
24	72	74	
20	31	190	
43	17	272	
18	72	101	
37	8	262	
53	18	139	
42	9	126	
72	9	137	
61	10	298	
16	31	43	
50	11	80	
27	33	213	
32	66	51	
1	54	86	
76	8	262	
16	60	191	
85	11	282	
43	41	23	
39	60	147	
5	54	80	
22	29	158	
18	50	97	
57	40	197	
48	44	199	
74	6	40	
41	55	186	
62	31	59	
32	18	96	
36	11	117	
27	40	33	
62	21	151	
22	44	233	
34	32	138	
45	31	89	
68	22	77	
19	27	2	
33	15	195	
51	36	286	
29	32	258	
59	30	176	
73	18	291	
28	45	236	
68	14	94	
50	38	14	
10	36	6	
1	84	199	
27	29	30	
12	81	218	
9	85	300	
52	39	72	
61	37	104	
55	28	254	
36	17	145	
2	90	218	
51	12	197	
3	53	6	
47	50	294	
53	17	120	
27	36	175	
88	7	36	
74	17	297	
55	13	18	
5	81	119	
1	64	134	
25	21	196	
5	53	54	
71	26	263	
9	38	15	
21	56	12	
5	82	142	
28	55	35	
82	10	245	
14	69	156	
15	47	40	
56	13	234	
55	19	215	
3	82	260	
31	16	136	
13	60	185	
64	8	48	
1	61	262	
46	17	178	
40	55	72	
38	46	225	
3	79	110	
30	41	205	
36	39	220	
42	49	78	
66	17	82	
66	23	282	
28	21	175	
26	46	47	
4	52	137	
60	14	59	
43	48	64	
76	15	138	
42	52	273	
46	36	184	
32	39	285	
49	26	235	
59	35	73	
37	27	49	
23	53	61	
18	73	268	
24	61	112	
8	57	251	
55	14	31	
35	20	87	
94	5	296	
71	24	86	
13	55	146	
58	35	33	
41	15	119	
7	67	49	
27	54	190	
83	6	4	
33	45	150	
58	38	23	
13	37	217	
77	16	255	
35	54	298	
45	42	50	
34	63	7	
3	57	294	
55	29	259	
84	8	189	
80	9	179	
6	88	120	
13	83	55	
10	68	250	
42	14	219	
24	67	175	
12	58	190	
52	28	298	
49	13	183	
32	31	216	
22	70	224	
42	11	19	
42	44	113	
58	37	73	
51	26	286	
52	36	237	
24	37	283	
8	55	125	
23	46	154	
76	12	219	
42	28	134	
47	14	94	
24	42	224	
25	67	226	
40	18	119	
77	13	5	
55	14	20	
25	52	15	
41	14	122	
13	58	139	
45	48	295	
18	59	200	
53	31	149	
38	59	222	
7	48	157	
41	17	187	
70	10	125	
69	7	11	
70	27	216	
50	18	258	
30	56	222	
21	62	251	
32	17	34	
12	77	212	
26	72	205	
36	21	141	
9	60	47	
63	8	87	
43	11	201	
37	31	255	
52	17	211	
60	32	212	
43	25	10	
13	65	50	
10	84	88	
22	71	268	
39	27	226	
27	23	181	
3	65	56	
22	51	185	
75	16	239	
37	17	81	
87	8	44	
25	69	258	
3	44	152	
3	76	92	
27	38	260	
31	50	78	
46	36	51	
47	14	138	
4	92	134	
78	17	210	
71	18	235	
70	12	99	
79	20	181	
49	32	206	
59	13	157	
22	64	264	
1	94	7	
13	34	87	
49	22	1	
44	28	177	
32	45	171	
1	73	27	
32	42	13	
82	14	166	
73	24	34	
13	32	184	
47	24	40	
27	55	217	
62	17	64	
55	27	127	
14	39	276	
3	80	220	
45	50	103	
4	65	118	
23	46	99	
4	51	249	
54	23	33	
31	42	237	
71	10	230	
88	5	200	
61	22	52	
2	77	225	
8	51	214	
11	44	50	
35	29	106	
81	6	261	
57	9	288	
47	48	33	
16	71	101	
4	93	42	
76	14	101	
58	14	255	
17	67	164	
65	28	294	
29	33	77	
48	15	81	
39	33	260	
8	52	276	
42	15	6	
23	29	46	
32	52	260	
46	26	104	
45	17	61	
22	39	51	
31	22	149	
23	59	189	
21	59	74	
3	50	27	
8	89	164	
54	41	120	
67	5	196	
51	48	190	
17	46	11	
2	43	180	
41	11	137	
47	20	233	
54	6	292	
13	52	230	
74	25	48	
18	56	232	
76	9	238	
13	62	189	
5	41	72	
36	34	10	
3	47	177	
37	25	230	
30	33	111	
55	20	94	
6	91	233	
68	25	197	
5	71	267	
8	80	266	
64	18	200	
30	53	296	
28	29	178	
21	69	113	
12	82	237	
62	14	68	
53	19	145	
53	11	256	
58	21	204	
1	71	286	
47	23	41	
5	93	281	
49	39	111	
35	21	237	
39	52	15	
27	50	170	
41	43	115	
34	20	280	
51	37	238	
50	22	225	
62	7	140	
30	61	169	
49	28	300	
84	8	267	
54	11	18	
69	18	6	
7	86	176	
31	27	244	
22	37	212	
2	68	205	
52	15	132	
2	52	33	
12	74	230	
25	55	33	
66	21	172	
67	22	276	
20	74	158	
63	15	164	
27	49	263	
14	39	271	
49	17	155	
71	24	21	
60	10	182	
27	37	202	
58	28	119	
8	57	254	
3	52	104	
1	49	202	
8	58	106	
11	34	2	
2	75	278	
59	30	139	
60	31	122	
4	79	92	
57	39	95	
47	26	62	
59	20	184	
21	70	42	
27	26	116	
45	11	174	
33	36	43	
56	22	32	
44	49	36	
7	84	110	
44	27	244	
15	77	232	
33	36	248	
51	42	207	
61	30	119	
16	72	78	
5	41	150	
5	42	28	
14	64	287	
24	51	266	
35	58	64	
18	49	61	
14	47	233	
14	70	8	
7	70	196	
28	28	47	
42	31	184	
34	48	246	
48	26	165	
63	17	250	
15	72	226	
16	42	242	
17	52	248	
60	10	267	
8	73	4	
2	90	206	
28	28	251	
71	10	102	
9	37	107	
25	72	37	
8	78	230	
27	49	170	
21	54	131	
43	24	114	
19	26	37	
55	41	130	
45	16	133	
25	47	23	
59	29	196	
39	42	89	
14	49	118	
4	43	204	
60	37	127	
56	7	38	
32	31	245	
44	19	27	
32	14	59	
59	33	197	
13	52	192	
62	21	129	
20	48	3	
48	32	74	
55	21	104	
88	5	4	
35	50	56	
54	28	145	
8	66	34	
17	50	59	
72	22	291	
78	7	119	
67	8	299	
86	13	277	
2	51	281	
7	59	221	
62	35	194	
78	11	232	
13	86	166	
64	19	147	
39	14	18	
56	27	67	
54	21	263	
7	40	113	
25	46	73	
8	78	61	
30	43	249	
7	66	113	
4	76	34	
75	22	264	
64	14	279	
61	15	202	
70	11	40	
30	32	2	
49	9	180	
1	94	127	
65	28	41	
68	6	181	
64	11	217	
68	13	176	
16	74	97	
19	38	281	
7	48	26	
66	28	288	
22	30	99	
7	86	161	
37	18	243	
10	56	183	
84	5	293	
19	67	199	
12	34	20	
13	71	80	
62	21	47	
75	15	47	
33	27	132	
92	6	272	
25	40	295	
10	36	163	
83	13	181	
17	68	9	
52	8	29	
3	82	68	
29	64	259	
57	9	297	
4	90	25	
33	30	42	
31	45	121	
41	40	52	
68	10	32	
89	9	99	
28	69	44	
53	22	179	
58	37	116	
39	58	116	
18	74	215	
68	24	194	
14	58	145	
70	17	180	
2	63	204	
35	23	87	
50	11	295	
24	62	92	
39	13	20	
23	72	34	
39	53	246	
70	7	138	
38	17	60	
23	26	41	
22	59	125	
7	62	59	
54	23	218	
40	28	269	
11	83	273	
14	66	126	
21	67	292	
10	36	113	
51	16	271	
48	26	135	
10	62	42	
45	41	64	
3	67	56	
43	12	89	
18	74	223	
90	5	276	
26	56	191	
14	42	278	
28	61	282	
59	7	241	
32	24	156	
47	6	266	
46	51	110	
60	23	214	
44	38	159	
65	15	297	
42	15	5	
38	9	256	
34	50	129	
12	38	30	
59	31	181	
20	38	16	
1	47	196	
32	60	294	
45	47	62	
1	71	115	
7	49	138	
52	29	127	
85	5	47	
43	44	202	
2	50	237	
17	68	171	
18	47	217	
72	15	265	
16	43	97	
27	30	77	
66	23	27	
56	5	218	
38	57	49	
73	12	100	
28	35	145	
41	50	156	
54	27	202	
8	85	270	
79	13	280	
61	20	203	
64	10	205	
43	50	268	
55	36	170	
9	89	191	
64	18	295	
11	77	87	
23	65	221	
57	23	121	
17	81	227	
46	18	173	
7	90	183	
1	46	209	
5	90	90	
37	60	156	
2	87	107	
83	11	228	
58	36	29	
52	47	177	
41	18	28	
47	14	48	
38	13	206	
59	22	215	
60	12	93	
53	9	121	
14	50	243	
31	39	214	
11	62	271	
12	49	248	
50	44	299	
50	5	229	
31	53	108	
39	8	293	
22	29	295	
46	34	27	
51	42	111	
33	15	196	
72	25	289	
9	79	163	
22	44	229	
32	31	87	
35	34	219	
64	27	244	
42	5	138	
17	44	39	
10	78	282	
1	83	278	
46	6	245	
74	6	17	
2	84	175	
9	73	92	
22	77	205	
26	26	24	
49	31	47	
47	24	132	
20	66	202	
15	71	37	
6	78	11	
66	11	40	
16	46	203	
56	19	230	
65	19	298	
15	37	258	
29	52	247	
54	6	207	
59	10	127	
10	64	279	
57	23	87	
66	10	219	
44	5	297	
30	38	2	
5	44	169	
49	27	193	
66	13	60	
49	15	129	
35	25	81	
36	44	185	
16	53	167	
58	11	174	
53	20	42	
72	21	93	
34	63	110	
9	64	277	
34	48	4	
40	58	295	
55	5	113	
69	21	9	
71	11	38	
39	54	147	
7	82	215	
36	55	282	
54	44	250	
37	53	47	
15	46	160	
18	64	193	
46	14	94	
23	46	76	
1	46	257	
23	74	77	
21	25	241	
27	32	269	
40	52	197	
4	90	147	
4	76	187	
35	42	19	
42	46	139	
9	66	1	
27	34	58	
43	40	19	
12	41	176	
4	57	284	
19	54	225	
47	27	51	
33	50	289	
30	52	55	
49	20	124	
10	69	178	
23	56	243	
44	9	101	
35	39	273	
82	5	33	
42	15	23	
29	20	120	
51	12	249	
44	37	11	
13	67	184	
2	94	109	
13	76	116	
29	53	159	
9	64	14	
60	17	82	
36	41	299	
11	84	223	
36	42	180	
71	7	9	
55	10	199	
51	12	208	
6	71	13	
46	42	79	
29	37	168	
64	22	260	
58	32	233	
31	47	107	
50	38	242	
33	25	255	
51	5	64	
41	46	20	
56	34	162	
48	21	238	
15	68	296	
21	54	26	
77	20	9	
26	29	147	
3	79	97	
26	65	235	
10	36	28	
34	19	61	
14	69	90	
15	68	128	
33	17	287	
37	25	202	
21	75	252	
48	15	95	
33	35	134	
52	16	89	
24	53	120	
30	18	153	
28	50	167	
40	22	290	
31	53	147	
77	7	202	
69	16	186	
10	60	149	
9	52	224	
64	26	172	
35	49	39	
42	26	17	
36	27	133	
14	71	172	
15	75	141	
2	66	120	
33	53	207	
52	40	258	
9	39	9	
50	28	58	
40	25	81	
18	39	253	
57	21	137	
43	16	14	
27	39	180	
26	49	47	
17	58	175	
35	57	280	
31	54	287	
45	36	260	
36	25	68	
43	26	7	
27	19	158	
44	36	243	
49	32	23	
11	60	226	
59	19	137	
10	55	87	
63	5	19	
66	33	299	
58	36	145	
40	10	212	
34	26	237	
51	30	210	
16	37	272	
5	93	97	
5	66	176	
19	61	42	
31	60	85	
6	54	69	
1	45	252	
27	68	109	
29	61	235	
22	25	10	
54	32	132	
31	50	33	
15	80	43	
14	62	4	
24	63	196	
23	43	266	
16	56	2	
14	78	173	
53	41	235	
24	60	113	
42	48	169	
58	36	38	
63	9	258	
15	31	198	
62	12	54	
56	25	212	
64	17	105	
67	15	65	
8	77	110	
26	33	182	
41	15	77	
18	78	181	
68	22	15	
9	89	285	
61	14	287	
19	78	225	
65	16	300	
29	27	110	
56	15	67	
8	54	64	
4	41	232	
46	18	45	
49	36	11	
72	6	62	
48	14	206	
39	9	221	
15	66	273	
6	42	124	
19	43	164	
36	39	127	
11	60	132	
4	55	246	
48	24	71	
6	46	21	
65	18	300	
2	81	208	
3	94	28	
3	47	35	
44	21	56	
33	37	89	
23	31	247	
61	30	194	
47	35	209	
26	42	266	
35	30	190	
9	39	2	
42	50	165	
43	33	175	
50	27	219	
62	26	205	
28	44	232	
75	15	17	
3	57	148	
50	31	276	
65	29	180	
41	18	71	
14	82	61	
36	13	93	
84	8	61	
20	33	212	
53	46	300	
9	77	14	
31	19	168	
86	7	208	
67	6	207	
60	7	36	
79	20	110	
56	38	169	
44	30	104	
46	27	295	
45	7	245	
29	49	80	
26	38	212	
76	5	26	
34	36	267	
28	38	135	
40	51	48	
29	40	293	
14	41	206	
31	67	158	
21	51	110	
20	52	147	
26	61	36	
35	13	65	
47	27	80	
51	5	102	
25	70	242	
19	57	19	
19	37	170	
48	22	197	
60	11	131	
85	6	167	
81	11	1	
10	44	237	
2	49	160	
9	47	257	
88	7	15	
3	71	102	
47	30	138	
41	15	255	
57	28	257	
54	17	251	
45	8	7	
46	33	156	
55	15	51	
31	14	96	
26	50	294	
12	80	299	
11	84	143	
5	52	213	
62	9	268	
40	30	42	
24	43	145	
44	42	290	
17	70	27	
20	69	259	
20	34	3	
31	67	99	
36	57	46	
81	8	44	
3	88	255	
80	13	240	
54	15	108	
71	12	204	
69	17	150	
48	49	204	
69	9	107	
24	66	13	
6	49	63	
55	14	60	
31	34	256	
16	79	279	
57	37	180	
19	38	165	
31	18	140	
8	60	178	
19	38	194	
43	54	167	
7	79	158	
12	38	222	
30	23	28	
17	67	175	
15	36	9	
26	71	110	
3	92	94	
64	8	156	
51	7	146	
46	14	292	
5	69	55	
87	6	167	
11	50	94	
60	27	232	
48	24	262	
62	34	54	
50	11	196	
41	7	9	
67	26	182	
5	66	98	
32	50	144	
7	77	205	
47	8	188	
68	28	146	
2	61	163	
77	18	255	
22	43	218	
36	35	52	
42	42	153	
7	90	70	
53	8	10	
26	26	183	
76	14	78	
38	28	143	
4	48	80	
48	31	84	
1	49	225	
34	63	101	
32	20	103	
11	52	19	
6	92	188	
29	33	222	
18	61	228	
60	17	62	
3	78	74	
46	48	156	
65	12	251	
43	13	161	
26	70	3	
22	53	202	
47	32	119	
19	49	27	
34	36	160	
46	31	230	
59	7	117	
45	23	273	
26	59	23	
38	15	196	
62	27	184	
14	31	99	
18	77	137	
23	39	5	
40	55	237	
77	11	35	
49	13	148	
28	42	90	
38	37	56	
42	33	18	
64	20	281	
3	60	190	
23	51	161	
13	84	135	
17	59	253	
22	55	192	
24	69	198	
41	13	170	
31	26	85	
32	35	92	
3	50	78	
76	19	57	
27	27	158	
36	35	6	
34	18	105	
11	74	152	
37	40	189	
47	29	64	
18	80	220	
30	20	21	
45	9	31	
7	78	78	
54	22	110	
29	25	102	
15	78	10	
70	16	97	
18	33	64	
3	60	127	
57	31	259	
7	81	136	
14	41	224	
16	53	107	
66	28	197	
49	48	143	
1	98	140	
2	43	298	
32	23	207	
18	54	203	
12	67	110	
15	65	115	
52	26	200	
25	58	266	
22	55	182	
60	39	210	
66	10	244	
60	39	116	
1	78	133	
50	48	21	
50	25	279	
24	65	288	
44	12	103	
56	14	289	
31	65	175	
28	61	16	
7	79	279	
60	13	162	
65	32	69	
39	36	224	
19	78	205	
20	51	90	
28	52	221	
3	61	45	
9	60	158	
9	83	22	
9	44	108	
46	51	93	
8	86	181	
70	29	3	
18	71	176	
42	49	39	
18	43	142	
26	38	299	
29	28	238	
11	54	93	
3	77	11	
36	29	115	
39	29	124	
81	15	110	
69	16	159	
50	5	145	
50	8	129	
70	9	150	
28	57	123	
30	63	60	
31	55	248	
19	32	194	
63	14	89	
14	42	63	
19	48	58	
28	40	296	
19	34	290	
28	34	85	
28	62	165	
26	71	183	
59	9	228	
41	53	88	
47	17	26	
24	28	10	
68	28	211	
78	12	9	
35	15	148	
15	67	168	
51	33	90	
46	51	232	
48	14	235	
81	18	144	
43	11	39	
34	47	21	
73	26	95	
45	6	179	
31	48	177	
2	68	166	
27	51	231	
53	22	235	
35	38	175	
46	50	178	
18	28	178	
20	32	219	
25	36	166	
19	53	79	
33	50	78	
49	47	169	
63	35	278	
11	40	160	
73	26	129	
37	43	130	
84	15	131	
22	57	202	
55	8	295	
5	85	91	
9	60	119	
13	69	283	
66	11	215	
50	39	42	
25	51	177	
24	64	75	
44	36	214	
58	28	136	
53	21	43	
28	67	187	
12	67	288	
17	59	223	
77	8	61	
47	49	44	
53	39	226	
68	20	220	
73	24	20	
42	33	170	
6	46	225	
29	45	252	
73	7	247	
26	22	55	
1	49	46	
40	35	167	
46	16	119	
77	20	111	
80	12	247	
8	54	71	
63	7	53	
14	85	261	
7	79	247	
43	31	125	
33	30	171	
14	41	184	
31	58	233	
2	84	86	
73	20	77	
85	9	126	
24	57	64	
34	28	37	
53	17	37	
59	26	163	
42	12	176	
37	42	292	
8	49	76	
50	36	28	
7	70	284	
12	71	294	
63	33	220	
65	15	182	
21	28	32	
64	35	295	
3	45	154	
61	36	68	
3	55	281	
32	49	229	
80	15	32	
64	27	261	
60	17	193	
39	36	53	
78	17	257	
34	65	155	
38	48	229	
47	10	135	
33	16	125	
78	18	33	
14	73	204	
60	35	289	
19	60	273	
43	15	33	
25	62	188	
8	73	77	
16	32	184	
61	27	146	
91	8	246	
35	44	251	
20	42	240	
62	19	289	
25	23	199	
40	12	51	
48	20	64	
28	61	59	
31	57	192	
38	57	290	
69	16	135	
78	21	200	
47	41	123	
15	82	148	
61	19	184	
10	67	271	
24	72	11	
12	48	38	
20	31	104	
67	11	231	
21	50	41	
45	6	291	
34	54	256	
90	9	25	
31	17	216	
8	74	85	
51	41	185	
66	30	105	
24	31	228	
71	13	15	
39	59	160	
12	51	195	
88	11	268	
31	59	121	
51	40	58	
14	54	104	
7	79	52	
54	35	95	
12	61	69	
4	66	276	
52	34	228	
2	86	169	
66	6	219	
12	47	223	
86	10	71	
9	42	5	
66	31	70	
39	40	50	
34	19	108	
27	57	300	
14	43	220	
28	33	77	
60	8	51	
21	76	212	
15	39	203	
38	22	45	
16	35	139	
3	88	40	
68	5	3	
29	42	231	
76	15	61	
12	83	140	
56	16	84	
36	21	118	
13	61	181	
27	65	299	
17	55	2	
12	41	115	
34	25	147	
7	50	262	
46	53	12	
9	85	61	
60	29	57	
34	55	10	
11	68	228	
1	44	122	
63	29	176	
70	6	43	
13	36	219	
49	31	88	
18	70	137	
24	40	298	
70	20	109	
24	25	288	
15	67	57	
52	25	193	
53	23	277	
28	21	69	
24	25	208	
35	26	140	
19	54	191	
9	42	159	
36	42	170	
13	67	219	
27	40	285	
7	67	130	
63	11	222	
91	7	293	
77	21	151	
3	96	276	
40	47	281	
50	49	270	
61	19	21	
42	27	175	
42	38	242	
88	7	237	
7	82	42	
23	57	182	
49	14	56	
15	48	298	
9	45	240	
5	42	136	
9	80	175	
39	20	251	
22	35	104	
66	14	292	
42	30	70	
47	22	246	
62	17	157	
60	7	149	
38	22	7	
19	64	149	
13	80	241	
38	37	28	
46	46	279	
14	43	203	
58	37	183	
55	30	156	
27	20	27	
58	10	12	
43	48	120	
81	16	290	
40	43	89	
25	40	150	
33	32	126	
21	42	247	
53	17	63	
14	76	118	
42	52	101	
28	26	290	
80	16	284	
60	9	249	
25	28	65	
83	7	96	
91	5	17	
48	49	153	
40	10	293	
27	20	108	
55	25	186	
46	34	81	
12	43	186	
1	68	42	
30	32	6	
1	56	87	
55	23	269	
18	65	120	
43	31	223	
8	41	78	
31	47	120	
19	47	24	
36	53	24	
37	40	226	
21	32	201	
58	20	27	
1	70	59	
24	45	190	
22	72	1	
32	40	299	
61	34	33	
52	35	149	
25	66	78	
36	22	201	
80	8	250	
20	54	283	
12	77	172	
36	32	298	
24	28	24	
35	55	233	
26	40	160	
42	41	189	
21	62	18	
16	72	207	
51	8	283	
13	55	267	
62	33	101	
48	7	182	
19	62	200	
42	36	109	
37	18	290	
11	80	105	
59	9	24	
46	52	46	
45	6	47	
47	49	16	
25	22	35	
23	23	91	
90	6	291	
3	79	266	
3	52	274	
12	62	231	
5	82	48	
73	23	48	
23	40	237	
34	34	58	
62	25	239	
18	44	191	
31	21	36	
37	56	51	
73	8	27	
42	51	28	
52	44	63	
58	28	173	
43	21	140	
66	26	269	
17	46	11	
29	26	253	
56	14	102	
60	15	240	
45	38	88	
64	12	265	
4	70	238	
3	43	188	
4	72	107	
77	18	181	
3	91	16	
21	34	126	
13	47	96	
58	32	233	
55	28	265	
79	12	151	
7	85	276	
32	50	208	
32	45	198	
22	71	290	
45	9	226	
4	43	281	
60	32	190	
30	28	166	
27	62	62	
3	60	218	
24	37	74	
37	19	24	
14	67	124	
33	48	15	
33	51	135	
4	91	130	
24	40	151	
31	67	261	
24	58	213	
45	12	67	
66	15	192	
65	29	255	
2	79	210	
68	18	142	
22	44	56	
12	47	157	
19	58	94	
44	22	43	
18	50	120	
6	63	164	
1	78	105	
71	17	18	
53	14	147	
59	40	153	
51	24	90	
66	19	141	
41	31	242	
69	23	52	
5	57	268	
28	24	267	
22	25	70	
64	25	80	
1	64	9	
8	52	225	
83	13	96	
22	35	159	
45	5	44	
44	11	44	
52	36	219	
3	72	250	
53	21	280	
5	51	244	
51	15	120	
23	69	181	
41	49	241	
55	43	20	
55	16	277	
39	45	86	
20	56	44	
80	5	100	
1	97	232	
68	9	275	
31	45	114	
23	45	295	
66	31	234	
14	69	157	
63	28	162	
40	21	115	
40	28	24	
69	17	289	
73	7	168	
1	51	291	
13	57	190	
67	6	5	
5	43	257	
16	44	149	
60	32	240	
32	15	122	
6	51	136	
3	96	174	
11	85	32	
4	75	267	
60	31	146	
65	23	101	
44	49	278	
59	8	211	
34	38	127	
27	56	125	
80	6	53	
59	7	150	
19	49	39	
5	85	132	
8	46	260	
55	26	127	
4	54	64	
17	79	232	
34	53	272	
2	44	257	
10	88	114	
28	44	70	
42	22	96	
25	35	178	
71	24	263	
11	85	285	
84	14	253	
17	36	43	
28	23	198	
48	29	243	
68	24	76	
36	39	28	
35	38	127	
70	23	140	
61	36	125	
53	8	134	
74	7	165	
12	75	197	
2	50	278	
25	40	42	
68	24	75	
58	9	275	
54	14	221	
26	44	180	
61	10	24	
10	53	70	
10	37	265	
1	68	283	
36	25	213	
43	27	91	
57	13	202	
3	73	168	
29	44	275	
50	17	83	
30	19	71	
11	80	245	
17	62	89	
44	21	36	
15	46	192	
81	18	277	
18	65	24	
7	59	260	
10	70	93	
47	33	217	
18	44	3	
2	84	81	
29	64	269	
43	30	74	
22	77	215	
23	39	88	
13	80	283	
56	31	200	
13	54	213	
10	89	11	
59	36	196	
19	31	185	
56	33	63	
23	67	268	
34	23	3	
49	16	188	
57	34	139	
44	6	249	
60	14	287	
61	13	88	
16	41	298	
60	17	252	
17	79	15	
26	22	44	
81	10	187	
8	91	96	
10	75	92	
27	37	162	
26	60	248	
24	44	65	
41	54	138	
2	91	153	
10	37	42	
28	21	271	
62	22	257	
44	36	202	
17	79	196	
75	9	283	
32	46	21	
28	44	279	
61	20	213	
74	9	144	
41	46	212	
49	5	4	
65	16	143	
36	40	141	
18	69	106	
30	62	94	
22	48	55	
46	37	243	
31	49	79	
44	29	62	
77	7	42	
84	14	50	
47	31	222	
38	13	54	
30	48	96	
40	17	127	
14	80	20	
4	70	191	
63	20	210	
8	77	85	
90	9	53	
23	26	237	
54	25	234	
25	54	297	
89	7	62	
57	21	66	
48	21	79	
56	32	102	
4	42	179	
63	18	92	
71	9	113	
42	46	264	
72	14	87	
65	19	213	
61	34	200	
7	66	238	
36	52	282	
35	11	95	
60	24	300	
42	38	94	
85	7	3	
60	38	289	
8	61	37	
46	18	172	
4	64	48	
85	5	213	
22	44	49	
58	41	129	
67	22	105	
11	37	110	
30	31	122	
57	26	253	
61	28	287	
31	35	120	
40	54	185	
45	11	187	
51	34	188	
3	80	146	
14	72	275	
30	25	136	
44	30	7	
9	82	279	
17	49	120	
38	44	277	
31	41	266	
15	43	133	
6	52	12	
41	30	83	
47	30	169	
66	33	96	
17	45	136	
42	14	65	
65	28	8	
81	17	151	
9	50	39	
42	8	171	
70	11	216	
74	11	163	
73	13	133	
24	64	264	
33	21	142	
7	47	62	
39	50	49	
13	63	92	
54	28	277	
20	60	121	
32	44	5	
33	13	275	
14	71	195	
30	52	206	
54	13	143	
23	22	256	
37	58	285	
27	24	69	
46	29	136	
10	57	103	
59	38	271	
21	53	271	
30	37	271	
40	16	268	
1	70	15	
41	24	292	
60	12	132	
10	85	81	
50	25	58	
32	63	181	
79	17	34	
75	11	30	
15	64	97	
23	57	124	
23	49	182	
57	31	242	
68	9	81	
44	14	91	
36	24	52	
26	70	57	
63	19	272	
45	31	38	
81	5	121	
43	44	157	
25	69	45	
10	35	133	
60	32	117	
80	11	135	
32	28	54	
13	57	78	
58	38	268	
32	62	40	
2	91	166	
43	7	13	
41	35	11	
53	44	112	
79	16	246	
27	71	96	
14	80	44	
21	48	51	
8	73	198	
40	7	134	
6	66	135	
77	11	159	
64	25	235	
21	38	196	
27	34	109	
39	46	184	
30	67	82	
23	62	58	
44	32	242	
10	54	207	
41	6	30	
34	17	105	
19	71	228	
17	82	7	
65	26	83	
43	26	238	
4	65	268	
39	11	108	
68	8	41	
5	74	252	
18	60	6	
35	62	293	
53	37	233	
16	56	81	
19	30	94	
43	11	295	
33	44	104	
5	51	275	
54	43	144	
4	67	165	
19	79	150	
44	8	249	
44	20	151	
40	15	267	
26	26	288	
78	13	206	
19	36	95	
38	60	177	
60	14	108	
10	70	155	
38	50	130	
1	66	100	
37	9	235	
12	67	208	
52	39	264	
13	42	298	
45	31	15	
6	66	118	
40	19	94	
13	66	109	
11	38	280	
41	22	227	
13	69	213	
24	49	149	
32	15	158	
7	54	131	
3	85	144	
8	52	292	
86	7	22	
63	17	92	
7	88	225	
74	14	247	
63	5	32	
26	48	63	
58	38	251	
7	55	77	
47	27	234	
30	22	225	
44	45	85	
42	17	193	
47	46	194	
1	76	36	
57	10	203	
40	43	185	
53	25	261	
64	17	16	
14	59	217	
63	9	73	
9	41	167	
46	48	159	
14	55	186	
33	47	191	
39	43	46	
35	48	94	
3	64	269	
75	23	160	
41	45	39	
20	68	20	
18	71	248	
78	16	221	
12	66	166	
19	69	191	
9	44	255	
48	20	126	
61	33	108	
45	44	145	
39	42	198	
69	22	34	
44	52	22	
36	53	228	
29	24	92	
60	27	287	
27	71	26	
14	75	248	
4	72	249	
19	70	156	
7	47	22	
38	19	257	
63	11	116	
38	20	123	
30	18	87	
4	52	279	
65	25	223	
37	37	211	
23	44	11	
5	76	266	
41	39	105	
24	69	185	
19	30	89	
56	27	122	
4	65	287	
22	71	173	
21	59	36	
18	79	216	
13	36	124	
17	77	134	
68	8	82	
62	7	91	
10	83	254	
71	14	272	
8	40	266	
7	53	114	
42	27	130	
31	14	138	
27	19	262	
10	68	290	
23	39	127	
33	27	12	
44	11	278	
20	71	285	
18	59	275	
53	19	101	
11	37	114	
53	39	38	
61	22	161	
20	27	230	
34	20	226	
30	20	21	
37	37	166	
71	14	254	
49	27	150	
33	22	92	
68	20	222	
30	17	215	
43	32	60	
62	22	241	
36	20	184	
66	32	143	
44	38	72	
35	40	87	
39	9	226	
60	26	32	
72	14	50	
2	56	90	
55	26	104	
25	52	137	
26	37	102	
14	66	196	
45	10	6	
69	7	223	
15	60	34	
72	24	223	
55	25	178	
45	22	216	
21	59	227	
26	47	56	
22	30	213	
57	9	164	
29	48	288	
74	11	219	
81	5	217	
57	19	204	
33	12	252	
19	27	66	
33	33	106	
7	83	112	
39	47	255	
6	77	178	
40	26	208	
7	73	115	
79	12	238	
26	35	292	
76	14	121	
28	35	179	
52	20	289	
13	59	165	
9	37	129	
18	60	280	
5	63	183	
36	62	93	
4	57	37	
36	56	128	
69	13	296	
46	23	45	
27	19	38	
12	76	59	
31	45	184	
65	15	90	
36	22	256	
38	12	117	
39	29	207	
6	83	248	
48	39	27	
46	42	294	
19	37	137	
29	64	233	
46	17	135	
55	17	25	
31	36	143	
11	82	249	
42	54	252	
3	61	275	
35	11	3	
32	27	13	
9	62	30	
29	56	185	
10	66	257	
31	59	136	
19	63	250	
18	63	279	
71	23	300	
37	31	68	
8	59	248	
16	37	97	
43	17	235	
20	32	32	
53	31	256	
40	41	105	
26	36	253	
20	64	225	
4	81	106	
39	48	254	
46	35	212	
70	22	264	
25	52	244	
4	95	125	
55	43	133	
21	52	184	
59	7	166	
43	56	79	
55	35	140	
83	11	176	
11	39	131	
29	56	230	
32	23	202	
20	55	94	
45	7	96	
40	24	149	
6	71	167	
11	81	38	
17	37	44	
7	43	136	
42	17	200	
19	74	203	
42	43	248	
12	38	2	
21	24	246	
31	33	299	
75	14	291	
57	37	41	
8	63	129	
42	43	33	
53	27	282	
18	73	92	
8	58	121	
24	38	103	
65	24	146	
2	85	31	
24	32	153	
6	67	22	
21	72	192	
41	7	266	
20	33	233	
44	32	50	
51	40	5	
71	13	276	
14	50	27	
27	47	118	
48	19	22	
3	55	248	
16	62	164	
76	18	33	
56	29	93	
29	39	242	
21	33	56	
28	60	74	
37	31	280	
22	77	96	
59	6	226	
67	8	221	
23	33	237	
60	31	101	
61	5	256	
88	10	283	
25	38	144	
48	50	138	
45	23	193	
44	45	280	
47	35	80	
34	51	269	
19	76	286	
26	31	183	
13	60	41	
10	71	299	
20	51	224	
13	59	288	
43	13	189	
90	6	188	
22	51	276	
55	39	174	
5	84	294	
59	11	130	
79	8	71	
35	32	239	
22	33	55	
24	38	38	
51	15	47	
30	30	296	
5	77	195	
71	17	34	
66	26	60	
66	20	265	
12	61	62	
77	7	57	
3	87	290	
43	19	261	
28	32	39	
57	9	28	
40	10	153	
27	57	166	
39	14	16	
5	75	286	
31	42	179	
16	65	158	
63	18	136	
35	48	88	
19	43	224	
33	21	298	
15	38	16	
33	54	134	
80	8	170	
4	70	231	
50	31	161	
34	46	132	
9	88	272	
78	7	66	
23	72	144	
68	6	159	
62	18	21	
16	59	236	
8	72	95	
88	9	235	
41	50	189	
22	45	197	
22	32	23	
26	37	255	
80	12	71	
13	53	160	
54	26	161	
33	50	267	
25	68	241	
11	78	37	
6	84	152	
21	73	278	
66	32	151	
27	51	170	
1	63	33	
7	45	98	
63	29	226	
40	34	273	
26	47	178	
21	25	51	
7	88	239	
47	24	299	
7	69	2	
15	38	43	
3	73	253	
2	60	206	
28	70	9	
17	31	240	
39	18	144	
38	53	221	
27	33	242	
17	59	198	
59	7	264	
28	37	154	
72	14	43	
12	52	118	
16	42	52	
43	36	229	
7	48	194	
38	11	109	
4	92	244	
30	25	238	
72	11	70	
22	40	112	
14	73	49	
15	48	30	
62	21	16	
56	9	232	
39	47	18	
54	34	294	
42	52	103	
5	45	236	
61	20	258	
63	15	13	
47	22	124	
19	76	291	
20	56	141	
52	23	6	
40	23	164	
56	12	156	
69	29	250	
2	52	194	
90	8	186	
25	35	125	
51	47	272	
4	87	176	
11	57	275	
6	56	105	
64	8	270	
13	79	251	
9	64	292	
9	87	248	
75	18	177	
65	12	128	
29	64	131	
53	9	291	
6	39	106	
33	46	33	
43	33	240	
35	52	279	
72	8	68	
19	32	55	
67	15	61	
11	84	28	
78	6	260	
34	25	283	
15	83	24	
34	52	204	
55	34	232	
21	69	216	
61	38	54	
26	35	233	
10	42	210	
1	75	44	
31	49	217	
75	7	222	
68	27	135	
20	33	281	
15	53	220	
30	24	36	
36	53	113	
24	50	71	
30	46	9	
36	29	157	
42	13	147	
43	41	145	
79	8	14	
27	18	264	
55	28	32	
1	87	240	
41	37	300	
77	18	55	
4	77	34	
18	57	269	
35	10	175	
46	25	4	
32	42	181	
32	38	235	
10	59	214	
29	35	30	
82	8	91	
30	23	215	
27	42	112	
58	11	70	
20	46	253	
18	67	92	
52	36	79	
37	38	102	
26	51	67	
2	82	196	
2	53	213	
61	33	136	
21	34	205	
3	48	3	
1	71	190	
27	54	37	
20	77	41	
8	78	179	
59	25	230	
49	22	69	
65	14	47	
52	37	83	
54	39	252	
1	58	293	
4	80	84	
47	16	111	
18	30	150	
21	35	57	
54	11	216	
25	44	155	
4	71	183	
45	41	265	
24	38	255	
63	34	159	
38	18	240	
13	83	40	
19	79	114	
56	8	212	
24	46	8	
34	21	156	
29	19	168	
26	50	13	
39	28	32	
53	19	203	
16	46	96	
30	67	177	
81	11	278	
13	79	294	
18	55	244	
1	57	179	
27	50	19	
16	39	62	
68	8	100	
25	59	43	
19	67	171	
25	58	105	
42	12	150	
47	37	190	
12	67	44	
30	53	260	
64	15	226	
66	28	41	
69	13	30	
16	50	66	
80	7	238	
20	37	161	
54	16	21	
39	11	73	
40	46	268	
19	39	7	
46	18	45	
30	40	260	
45	20	225	
31	63	56	
28	23	102	
58	21	9	
75	14	258	
1	68	266	
4	89	91	
19	73	214	
47	14	59	
46	53	193	
24	39	62	
13	59	168	
25	40	275	
62	34	121	
54	29	145	
49	25	108	
54	18	200	
4	83	68	
44	51	71	
8	56	148	
7	72	166	
23	31	226	
21	35	186	
27	34	195	
63	34	264	
49	18	115	
9	89	79	
49	39	112	
26	46	252	
14	63	45	
8	74	210	
59	17	75	
8	81	46	
7	65	78	
76	14	228	
39	22	290	
50	45	180	
74	23	245	
14	54	199	
32	38	78	
26	27	168	
53	21	3	
30	39	244	
60	27	18	
38	53	205	
87	8	56	
46	5	297	
11	82	13	
67	14	195	
17	66	54	
35	52	195	
60	36	291	
26	73	20	
63	5	291	
53	5	277	
49	16	145	
16	30	6	
41	46	33	
8	80	110	
52	13	63	
35	20	265	
2	50	149	
38	61	151	
22	53	271	
31	64	56	
12	34	299	
54	44	200	
55	39	187	
12	58	260	
81	6	52	
22	35	38	
22	27	251	
18	37	74	
32	38	231	
10	68	245	
85	14	43	
41	10	46	
51	30	157	
43	35	61	
68	24	106	
45	45	95	
30	41	212	
25	58	114	
47	15	156	
49	47	120	
57	27	204	
15	67	275	
12	81	258	
62	21	266	
8	44	223	
41	22	212	
18	74	164	
1	47	11	
78	11	198	
84	14	272	
9	72	128	
7	63	297	
8	50	18	
19	42	213	
42	25	195	
82	14	66	
5	91	5	
24	21	13	
38	8	237	
29	35	111	
63	22	38	
31	54	36	
23	54	73	
31	49	88	
64	9	144	
8	73	2	
27	54	75	
66	31	236	
11	78	214	
42	17	158	
30	22	96	
57	5	208	
15	48	237	
45	23	7	
83	12	192	
14	78	230	
55	27	23	
30	66	22	
32	13	282	
48	15	95	
76	8	192	
43	8	6	
8	62	200	
19	53	252	
14	54	69	
54	24	277	
8	87	46	
53	38	191	
5	53	159	
70	10	181	
58	17	105	
15	71	274	
9	39	237	
71	12	265	
54	43	85	
51	22	279	
67	32	198	
28	70	83	
8	42	208	
17	66	292	
2	86	229	
14	39	7	
15	74	73	
28	42	61	
6	87	5	
43	19	199	
16	54	252	
6	57	22	
55	22	11	
20	47	259	
48	48	64	
39	40	257	
44	47	35	
52	44	165	
16	67	219	
3	83	71	
24	39	148	
1	77	213	
15	51	67	
57	5	176	
18	27	7	
76	21	130	
67	23	138	
37	38	147	
57	23	47	
35	22	272	
48	33	241	
21	27	296	
39	32	7	
42	41	149	
26	53	42	
9	88	58	
5	75	195	
60	10	16	
54	12	172	
14	46	57	
19	55	202	
50	20	183	
47	7	146	
48	39	216	
53	23	269	
35	44	210	
13	38	293	
65	25	76	
3	51	183	
82	11	282	
27	21	50	
53	33	131	
46	37	247	
21	38	51	
43	6	252	
55	28	226	
78	18	207	
61	24	106	
30	37	278	
25	32	70	
30	30	249	
40	19	105	
48	45	288	
37	24	126	
29	34	239	
2	79	37	
41	17	229	
66	7	51	
46	40	85	
44	13	173	
44	10	262	
39	19	188	
54	11	163	
27	71	218	
72	6	187	
23	67	280	
24	27	66	
16	67	48	
63	34	167	
54	6	109	
23	29	233	
9	63	191	
78	18	183	
49	18	222	
28	19	264	
38	20	172	
9	79	216	
42	16	111	
34	58	210	
14	69	17	
25	23	114	
28	49	78	
13	69	258	
42	50	83	
42	40	60	
56	14	81	
77	5	55	
5	82	37	
30	38	66	
17	65	27	
50	35	136	
38	61	211	
31	65	140	
59	18	39	
5	60	181	
43	32	70	
39	57	62	
65	13	169	
61	37	183	
34	14	15	
4	78	112	
76	7	115	
32	62	216	
5	93	15	
5	58	291	
59	37	70	
7	60	254	
43	55	142	
52	33	240	
25	31	115	
35	46	80	
53	27	157	
15	32	285	
32	57	132	
78	19	46	
32	13	176	
44	9	188	
9	65	234	
55	30	245	
50	43	40	
22	34	259	
59	40	229	
48	35	57	
35	32	136	
58	8	179	
40	32	69	
32	26	245	
3	61	105	
62	14	142	
19	35	200	
52	28	175	
13	42	63	
51	47	102	
69	19	43	
5	66	233	
46	53	66	
25	59	173	
1	56	171	
57	6	111	
38	53	94	
38	20	291	
33	17	224	
21	53	201	
72	20	37	
79	19	166	
58	28	47	
34	27	49	
59	21	125	
26	38	88	
75	17	162	
57	42	50	
69	25	218	
22	50	177	
65	11	27	
6	78	121	
18	78	62	
11	88	294	
66	15	179	
54	23	129	
28	51	7	
18	51	93	
1	48	201	
22	30	208	
23	39	129	
52	35	1	
12	61	21	
10	44	97	
58	21	100	
34	27	65	
55	21	69	
41	8	191	
15	71	138	
62	31	275	
27	28	261	
26	50	177	
8	44	48	
54	8	149	
37	20	148	
91	8	98	
63	8	235	
44	19	159	
16	69	31	
8	38	23	
47	7	26	
35	52	80	
31	41	96	
6	77	189	
43	38	171	
27	43	232	
72	18	284	
37	44	285	
59	40	276	
8	78	220	
21	34	280	
25	52	287	
60	15	287	
28	49	172	
51	18	212	
23	76	162	
35	49	126	
38	50	210	
1	64	157	
32	40	91	
73	15	290	
48	35	19	
18	31	250	
53	30	197	
60	19	168	
2	95	276	
43	19	126	
29	43	102	
72	13	65	
27	55	133	
11	56	285	
20	34	136	
34	50	205	
24	24	106	
29	41	231	
62	14	148	
1	87	25	
9	40	286	
85	12	116	
57	9	178	
19	48	32	
5	63	4	
61	12	17	
19	66	276	
61	31	158	
52	44	221	
2	85	4	
54	23	112	
45	52	122	
31	29	28	
3	57	61	
31	58	169	
51	25	100	
23	70	16	
49	41	86	
33	18	1	
58	24	35	
51	15	174	
59	9	47	
28	54	133	
77	8	99	
26	30	166	
6	71	269	
17	49	212	
6	62	280	
38	52	207	
40	19	75	
41	46	113	
40	44	187	
81	14	41	
15	63	274	
32	31	112	
19	49	90	
44	28	61	
50	23	172	
23	61	290	
22	36	32	
63	18	285	
16	74	113	
8	85	141	
66	11	79	
28	39	68	
81	17	146	
68	27	130	
18	48	137	
34	30	197	
83	6	247	
15	59	213	
18	44	136	
34	22	226	
47	34	300	
35	39	285	
70	13	31	
14	48	3	
41	39	166	
47	50	226	
3	78	98	
5	75	91	
10	64	70	
45	46	70	
6	55	279	
7	69	8	
38	42	261	
55	10	233	
25	56	188	
69	26	104	
33	18	122	
44	39	68	
79	14	67	
34	24	288	
5	63	121	
77	14	148	
57	9	152	
57	13	233	
7	79	165	
2	65	70	
37	50	281	
40	23	281	
1	72	276	
47	16	224	
51	42	259	
55	41	158	
12	56	143	
24	21	133	
26	24	208	
65	23	295	
48	17	36	
7	84	143	
59	28	192	
8	48	229	
43	18	285	
26	57	23	
55	37	64	
29	57	54	
66	19	191	
70	17	296	
81	9	183	
32	17	206	
50	19	157	
32	31	27	
14	49	249	
39	60	225	
17	57	42	
27	35	5	
60	14	193	
62	8	196	
71	22	67	
4	95	97	
3	73	209	
37	60	287	
7	84	173	
49	50	127	
31	68	251	
65	18	241	
13	75	75	
59	15	198	
47	49	122	
12	39	33	
16	66	145	
27	57	175	
4	71	262	
36	49	283	
47	12	170	
1	57	211	
14	44	152	
13	77	14	
46	19	109	
21	60	1	
7	49	7	
73	17	4	
19	50	229	
47	16	142	
10	77	76	
29	37	106	
22	48	174	
28	59	145	
45	26	100	
34	42	263	
11	84	9	
22	50	89	
52	38	28	
21	28	163	
29	68	196	
13	55	206	
21	55	115	
23	73	300	
49	46	189	
30	57	78	
82	13	232	
34	41	157	
20	44	131	
59	37	144	
3	43	297	
32	41	204	
21	60	83	
18	62	83	
27	25	229	
22	57	210	
79	8	103	
56	15	159	
43	27	157	
19	26	117	
37	45	134	
43	10	87	
43	45	223	
6	84	179	
21	42	225	
6	51	95	
23	37	76	
78	5	173	
57	15	112	
64	23	159	
8	76	153	
77	20	223	
15	54	110	
34	28	45	
40	42	225	
40	58	271	
20	54	254	
49	47	39	
71	18	113	
22	29	61	
13	32	274	
79	8	225	
66	21	210	
18	31	207	
75	8	270	
60	34	135	
24	75	42	
40	54	76	
25	53	71	
23	53	134	
36	51	273	
81	9	227	
19	27	3	
50	31	249	
5	83	78	
4	94	108	
10	43	59	
19	69	109	
8	81	124	
4	95	146	
56	38	8	
44	19	268	
18	53	279	
92	6	65	
18	42	13	
20	26	158	
66	27	148	
53	11	274	
34	33	111	
53	32	197	
51	48	188	
14	37	152	
5	88	101	
44	20	82	
16	53	151	
18	81	203	
50	25	52	
47	49	241	
7	62	285	
34	20	75	
19	33	70	
51	37	189	
75	21	157	
24	23	239	
35	15	156	
50	36	195	
23	73	292	
79	18	191	
45	29	244	
10	41	117	
14	73	81	
44	18	57	
81	17	216	
68	8	259	
90	6	26	
33	36	199	
21	24	76	
3	42	183	
74	8	294	
24	55	82	
20	49	96	
19	49	28	
30	66	162	
11	60	212	
67	24	211	
24	72	43	
67	20	12	
69	24	163	
7	92	261	
10	82	124	
70	26	91	
74	14	213	
8	80	289	
12	46	65	
55	32	130	
29	68	4	
66	26	175	
40	27	219	
18	42	297	
74	7	194	
68	10	187	
25	23	47	
45	54	10	
43	34	79	
33	65	272	
26	54	44	
41	23	152	
27	29	158	
37	22	164	
1	86	225	
7	76	181	
42	31	139	
58	18	166	
46	20	63	
13	58	58	
51	21	175	
41	39	21	
52	9	126	
39	43	221	
40	35	8	
37	30	142	
34	59	6	
22	56	212	
1	80	226	
77	17	41	
37	55	285	
17	73	120	
50	35	238	
64	9	44	
55	16	1	
1	46	56	
29	39	209	
42	27	262	
3	73	150	
31	31	79	
11	40	69	
15	57	280	
36	61	40	
65	24	211	
22	51	187	
2	72	242	
23	37	200	
42	47	271	
36	15	264	
28	58	132	
28	60	199	
22	46	291	
27	67	177	
24	72	261	
8	64	38	
60	32	263	
6	66	190	
53	17	268	
8	71	231	
49	17	29	
51	31	52	
4	61	107	
9	45	215	
73	14	300	
36	42	75	
21	66	59	
12	43	130	
51	24	177	
56	21	129	
83	11	184	
69	23	94	
27	26	32	
12	67	190	
50	6	20	
75	8	86	
81	8	78	
32	39	299	
52	31	133	
69	9	115	
2	70	275	
48	39	12	
46	31	121	
55	19	142	
40	58	18	
32	24	243	
24	45	225	
36	56	280	
63	27	212	
60	32	254	
3	86	169	
51	30	255	
12	35	235	
36	11	174	
57	21	56	
25	45	81	
62	26	220	
61	25	274	
58	34	59	
57	11	39	
30	61	116	
25	57	195	
63	7	247	
37	44	34	
10	86	89	
88	7	117	
52	22	220	
9	36	162	
24	37	75	
6	84	120	
29	28	136	
9	78	67	
64	9	211	
61	22	28	
48	46	103	
14	34	60	
79	13	51	
20	34	273	
20	69	232	
70	25	291	
32	54	213	
31	35	265	
42	37	66	
26	64	274	
29	60	96	
46	46	81	
63	31	75	
32	26	202	
42	12	122	
37	27	225	
45	51	100	
26	44	62	
9	49	1	
37	12	77	
37	38	40	
41	38	164	
80	7	189	
52	29	76	
50	42	118	
80	8	273	
10	71	124	
36	63	202	
40	49	130	
52	6	235	
13	33	256	
38	9	128	
20	50	14	
13	43	254	
39	13	231	
15	36	53	
40	22	223	
26	37	122	
40	57	91	
17	33	225	
34	46	216	
2	50	177	
56	20	128	
53	13	288	
32	49	238	
83	14	66	
27	37	220	
80	7	44	
7	82	104	
27	50	233	
12	50	113	
29	16	60	
4	92	151	
48	46	293	
12	62	127	
41	15	67	
4	77	294	
29	50	74	
21	65	162	
19	28	38	
45	46	143	
35	16	184	
48	36	129	
72	25	249	
33	37	270	
47	17	90	
16	68	68	
63	16	8	
7	41	82	
28	70	219	
40	55	146	
30	49	183	
43	46	81	
11	41	222	
43	50	110	
10	74	263	
35	61	6	
79	5	127	
21	65	36	
57	20	176	
71	5	28	
10	71	35	
66	22	221	
36	41	188	
47	33	33	
3	73	178	
27	71	185	
4	69	259	
53	14	7	
4	44	211	
65	33	48	
53	21	143	
52	11	10	
24	45	4	
72	15	97	
74	16	31	
59	16	285	
33	33	18	
33	25	49	
60	8	154	
28	46	135	
6	39	297	
3	49	201	
13	32	232	
52	30	174	
23	75	300	
68	20	128	
64	9	186	
17	54	63	
55	25	206	
18	28	133	
50	12	25	
46	50	201	
43	6	177	
17	70	125	
2	67	153	
7	77	154	
42	55	47	
41	35	142	
49	30	75	
61	26	63	
43	47	280	
9	70	217	
27	42	65	
34	51	292	
15	79	36	
13	44	10	
12	49	63	
9	46	223	
31	25	300	
31	52	173	
6	72	277	
37	38	10	
13	36	16	
19	55	51	
9	70	276	
31	42	176	
30	63	251	
18	36	134	
16	49	8	
15	45	137	
69	6	257	
16	81	118	
32	43	168	
13	39	132	
70	28	32	
32	40	299	
64	14	286	
44	10	210	
45	54	275	
23	54	96	
8	74	23	
66	32	27	
77	14	270	
8	51	112	
19	26	12	
27	43	197	
59	28	240	
53	15	296	
48	17	221	
56	15	201	
75	7	219	
49	44	9	
66	19	129	
59	40	23	
90	7	166	
37	51	193	
17	69	185	
63	21	49	
45	46	268	
1	53	95	
68	6	60	
20	43	177	
41	29	208	
72	22	68	
61	23	183	
32	51	85	
47	11	178	
8	55	227	
42	43	206	
27	32	35	
2	63	258	
12	40	282	
21	70	98	
1	55	196	
7	77	177	
2	93	230	
74	15	109	
43	36	6	
51	37	93	
50	33	131	
22	25	226	
4	72	106	
80	10	172	
57	10	191	
2	60	223	
25	68	21	
78	6	87	
63	12	151	
43	35	219	
62	24	37	
42	17	1	
41	34	159	
12	43	141	
70	13	47	
16	42	177	
33	42	291	
29	48	149	
72	6	20	
28	70	93	
15	68	208	
23	32	75	
8	84	157	
36	25	80	
54	6	134	
28	63	195	
51	13	4	
64	32	292	
70	10	252	
67	23	287	
30	59	239	
30	26	152	
74	13	286	
13	67	29	
7	55	50	
2	56	74	
13	47	165	
36	47	178	
22	69	52	
16	82	23	
20	70	14	
41	42	61	
21	71	275	
34	42	108	
19	29	140	
15	55	243	
53	28	230	
24	56	78	
40	9	88	
33	48	133	
46	37	143	
29	56	43	
30	31	217	
3	85	117	
24	54	231	
7	75	211	
44	40	167	
56	18	80	
86	12	20	
41	9	66	
62	32	161	
30	50	41	
9	81	24	
32	55	150	
37	8	109	
47	11	137	
23	51	164	
51	26	9	
14	80	89	
16	74	246	
7	91	52	
35	23	22	
27	57	35	
86	6	162	
27	28	128	
52	47	129	
29	62	6	
52	6	205	
36	39	285	
15	73	198	
53	36	278	
22	44	166	
69	29	175	
49	6	286	
58	12	237	
50	8	38	
56	32	85	
24	29	231	
51	38	270	
67	24	282	
23	72	204	
66	15	20	
38	23	52	
53	31	91	
40	41	220	
38	28	220	
47	34	150	
19	63	142	
11	77	286	
15	34	124	
41	22	157	
19	78	276	
65	26	149	
77	12	90	
35	60	111	
33	36	16	
30	66	229	
38	47	63	
60	12	210	
14	67	124	
29	34	31	
35	34	227	
32	54	224	
32	27	258	
28	60	58	
19	38	145	
58	10	110	
65	30	296	
24	62	232	
55	41	157	
76	22	24	
92	7	279	
35	13	262	
69	25	69	
55	43	43	
34	34	9	
9	41	17	
63	14	198	
12	71	39	
7	47	167	
76	14	203	
45	6	54	
49	24	34	
22	29	25	
25	63	273	
24	22	150	
36	10	269	
55	35	198	
31	64	110	
5	66	82	
26	51	129	
60	35	28	
23	45	96	
7	38	239	
11	52	119	
52	40	103	
60	31	63	
19	34	226	
19	71	55	
25	42	42	
39	28	188	
8	60	249	
57	9	138	
46	6	198	
27	24	171	
36	61	60	
65	7	131	
66	33	148	
20	54	34	
57	13	249	
37	10	272	
17	57	295	
4	93	161	
51	10	45	
62	10	172	
62	10	163	
49	45	129	
11	37	224	
71	13	34	
48	24	41	
81	7	29	
18	69	227	
6	40	174	
10	39	284	
77	13	111	
78	21	114	
9	58	202	
63	15	225	
76	14	148	
25	72	168	
26	66	84	
27	42	298	
67	32	97	
1	74	178	
39	44	270	
72	22	271	
16	65	69	
5	43	51	
9	77	240	
9	86	160	
7	82	176	
30	47	230	
39	22	101	
41	36	85	
64	27	246	
46	17	109	
56	41	9	
52	21	81	
36	28	272	
42	15	134	
50	49	90	
51	16	186	
82	5	145	
16	59	122	
16	61	146	
58	36	256	
63	6	212	
34	36	290	
18	52	124	
91	8	211	
12	64	15	
35	59	224	
7	57	163	
42	42	154	
1	44	201	
49	29	213	
55	26	202	
61	27	216	
41	40	22	
52	26	172	
7	41	185	
21	35	214	
25	62	243	
8	50	177	
56	9	271	
46	19	117	
37	28	269	
1	97	88	
6	84	258	
45	48	55	
23	34	79	
26	60	103	
65	29	194	
6	90	153	
35	53	68	
17	78	39	
34	18	99	
35	48	300	
24	68	117	
12	67	108	
25	40	203	
94	5	105	
76	14	76	
44	8	67	
74	24	148	
51	16	83	
63	13	145	
57	23	79	
19	31	132	
33	31	276	
23	72	165	
19	78	273	
16	82	271	
38	21	5	
21	44	245	
70	6	227	
4	68	45	
58	6	291	
85	12	248	
36	54	169	
5	61	172	
78	18	127	
29	32	103	
40	47	42	
50	47	218	
22	70	286	
62	5	251	
42	46	207	
30	51	185	
40	10	116	
17	29	21	
29	35	273	
9	61	250	
62	29	80	
30	26	133	
52	21	237	
43	7	30	
73	12	213	
47	16	36	
63	20	250	
53	24	185	
4	76	141	
2	94	200	
88	10	51	
51	41	250	
1	78	209	
60	39	129	
27	28	102	
54	34	293	
31	38	195	
48	30	111	
44	43	75	
29	38	6	
44	48	142	
15	76	236	
27	31	110	
34	33	27	
21	28	9	
46	50	296	
3	80	122	
38	57	7	
29	64	67	
34	58	213	
47	18	120	
60	8	122	
29	58	190	
12	70	174	
37	40	268	
70	14	55	
45	50	116	
4	92	87	
42	30	33	
25	46	183	
25	74	131	
10	62	243	
39	8	215	
36	40	122	
6	78	250	
24	28	225	
23	44	58	
1	55	140	
48	39	294	
21	25	77	
15	74	197	
35	21	247	
75	11	186	
48	5	264	
38	30	185	
15	83	254	
8	55	2	
16	64	58	
6	75	47	
69	27	198	
7	42	262	
3	78	195	
8	63	1	
32	31	87	
15	42	172	
26	43	275	
53	35	218	
88	10	170	
43	48	54	
62	18	60	
25	34	196	
40	44	270	
31	42	226	
50	49	65	
16	30	101	
80	10	281	
29	38	188	
31	37	233	
73	10	177	
27	23	292	
41	34	161	
51	9	91	
5	92	63	
63	32	55	
55	31	107	
43	12	245	
26	28	169	
44	13	117	
14	62	291	
1	70	158	
44	49	246	
11	65	259	
32	41	93	
74	20	87	
30	61	221	
20	47	121	
57	9	228	
30	67	121	
66	23	7	
18	62	83	
34	53	235	
72	6	61	
37	17	256	
12	80	235	
33	54	230	
7	60	52	
6	67	43	
39	23	157	
73	8	175	
39	17	120	
26	55	217	
38	49	46	
3	77	77	
5	55	185	
63	24	216	
7	39	188	
69	21	233	
88	9	169	
60	36	130	
57	7	284	
11	83	288	
2	96	110	
71	27	218	
35	32	223	
32	20	216	
12	72	11	
35	58	269	
13	51	89	
28	24	237	
33	12	94	
47	28	29	
47	29	5	
7	38	295	
35	27	54	
36	45	120	
6	91	182	
39	56	222	
28	30	183	
58	8	116	
67	26	294	
71	18	123	
36	42	298	
31	43	201	
47	15	78	
18	60	160	
58	9	32	
36	60	171	
15	38	126	
34	52	14	
57	10	25	
29	23	42	
5	59	203	
19	30	183	
1	97	220	
21	46	142	
38	48	289	
9	69	269	
26	25	127	
31	41	257	
34	20	93	
29	63	109	
35	36	163	
62	16	139	
28	51	237	
40	44	174	
43	11	231	
20	70	142	
37	17	194	
2	95	28	
14	52	249	
21	71	128	
15	68	253	
38	32	10	
18	79	19	
28	53	81	
20	45	199	
30	67	160	
10	81	123	
50	20	224	
77	15	145	
52	8	4	
29	43	266	
59	34	253	
6	49	300	
40	13	299	
23	59	200	
47	33	203	
6	69	93	
20	46	40	
2	73	134	
48	42	183	
11	48	12	
46	13	17	
48	45	118	
54	5	185	
20	37	126	
78	19	210	
2	64	252	
13	32	172	
49	8	151	
40	56	294	
14	44	294	
65	17	223	
49	37	80	
73	26	56	
65	33	280	
28	58	236	
79	16	90	
10	78	133	
45	19	290	
3	86	246	
39	32	243	
71	19	294	
40	15	194	
31	27	238	
61	18	243	
48	36	45	
67	19	102	
7	51	234	
70	9	44	
74	16	2	
31	36	250	
45	9	294	
14	55	2	
56	17	215	
33	52	163	
10	81	130	
62	10	188	
48	45	59	
52	35	224	
57	10	279	
7	78	153	
49	17	168	
13	83	289	
33	25	46	
47	45	44	
31	67	53	
22	31	173	
53	19	209	
48	20	182	
4	86	48	
86	9	33	
14	44	112	
83	8	176	
62	27	110	
28	63	230	
14	31	94	
59	29	242	
48	6	161	
48	34	181	
69	10	13	
51	35	105	
54	40	33	
11	76	23	
6	43	39	
68	27	188	
2	77	2	
48	16	78	
8	68	242	
63	14	74	
25	68	271	
71	21	298	
72	17	281	
19	59	85	
42	13	108	
73	14	81	
30	57	150	
2	85	61	
45	28	288	
22	60	223	
3	92	234	
1	82	103	
77	21	63	
32	21	151	
78	8	99	
22	33	244	
46	26	104	
6	65	153	
67	13	168	
4	58	193	
78	15	198	
38	29	177	
22	74	175	
35	56	298	
35	13	87	
66	10	78	
23	73	246	
75	18	224	
55	14	96	
8	70	261	
50	22	12	
90	9	145	
21	34	42	
57	41	15	
35	29	173	
15	42	133	
24	74	109	
34	43	26	
18	64	196	
16	35	125	
32	17	255	
34	31	234	
13	66	161	
48	49	139	
85	14	122	
7	84	35	
36	43	23	
19	53	282	
81	15	80	
36	58	214	
9	55	253	
73	8	68	
18	52	150	
26	73	83	
52	33	152	
41	56	251	
78	19	91	
15	82	149	
73	26	64	
64	17	231	
30	69	252	
59	17	118	
48	38	92	
81	17	21	
85	11	23	
41	12	250	
88	6	63	
35	55	133	
39	28	32	
17	55	56	
1	85	65	
11	69	231	
65	30	104	
56	12	273	
8	64	175	
36	39	237	
81	6	63	
14	70	208	
54	35	29	
47	11	43	
3	51	90	
43	47	10	
36	60	268	
70	24	91	
18	76	191	
49	24	88	
43	33	35	
26	31	179	
61	36	6	
18	45	245	
34	59	72	
50	46	65	
39	47	201	
13	73	223	
3	84	130	
33	44	57	
43	15	216	
35	28	286	
42	23	144	
44	14	293	
42	6	43	
31	38	22	
71	24	290	
42	52	200	
10	73	300	
68	16	237	
57	17	120	
3	85	86	
41	52	190	
44	19	175	
52	40	200	
4	92	250	
19	39	6	
28	60	187	
11	81	237	
66	10	289	
56	22	265	
74	11	186	
10	84	166	
38	50	4	
64	14	183	
24	75	205	
20	50	244	
55	27	296	
24	25	167	
29	16	268	
58	15	90	
70	14	252	
12	87	125	
21	26	110	
27	62	271	
3	44	189	
58	16	138	
27	22	46	
4	60	170	
21	72	98	
34	29	258	
26	69	60	
30	68	55	
9	71	90	
19	56	136	
46	34	281	
29	52	194	
27	40	169	
36	52	169	
3	48	260	
52	24	66	
11	43	40	
14	61	97	
10	75	212	
48	47	285	
23	75	110	
13	85	216	
32	58	77	
71	26	66	
58	5	164	
43	42	195	
30	42	170	
43	28	188	
55	36	271	
48	37	122	
45	21	85	
7	70	155	
81	16	101	
31	68	82	
5	90	257	
63	20	25	
4	77	230	
32	55	171	
25	46	212	
87	9	174	
12	61	290	
6	43	217	
17	46	135	
23	50	248	
56	31	189	
53	26	148	
57	11	218	
20	26	294	
66	28	249	
74	22	80	
53	33	4	
63	17	60	
14	54	140	
48	18	231	
39	16	122	
43	38	49	
35	43	224	
8	59	106	
12	40	164	
17	49	35	
25	73	250	
38	27	266	
41	5	231	
1	74	158	
9	66	284	
57	10	128	
21	37	177	
55	40	257	
24	62	295	
43	44	195	
3	92	116	
20	57	33	
38	20	233	
34	12	35	
16	56	157	
38	20	168	
8	37	198	
71	16	280	
11	54	198	
16	69	83	
29	26	201	
40	47	135	
15	31	5	
51	16	207	
31	34	80	
31	56	175	
38	14	93	
29	25	289	
32	58	108	
74	24	211	
49	28	253	
86	7	87	
2	66	106	
50	20	86	
39	46	234	
26	31	5	
31	34	197	
56	42	186	
34	14	28	
13	45	170	
31	57	39	
6	58	80	
38	31	109	
53	25	154	
12	36	61	
14	50	248	
76	5	209	
57	18	93	
22	53	102	
46	38	82	
1	69	155	
2	61	99	
48	42	166	
54	14	63	
43	13	239	
55	23	294	
36	54	157	
1	91	245	
62	36	5	
8	57	157	
29	50	261	
23	33	262	
34	21	13	
11	57	172	
40	19	162	
13	65	112	
37	57	298	
21	46	245	
89	10	221	
63	15	98	
70	23	121	
55	17	102	
60	12	102	
22	61	111	
8	71	89	
6	52	4	
31	35	196	
49	47	159	
49	5	87	
35	27	164	
34	65	5	
76	14	141	
31	45	170	
30	43	162	
65	29	99	
9	46	119	
39	16	227	
32	43	214	
19	65	151	
47	48	13	
62	31	44	
22	38	245	
39	59	245	
63	21	217	
25	54	71	
2	43	256	
28	37	154	
12	74	43	
15	41	286	
52	27	86	
43	50	148	
23	46	55	
68	10	9	
17	49	223	
21	63	295	
21	51	266	
21	51	99	
50	28	234	
55	9	155	
62	10	82	
34	34	233	
57	42	54	
11	52	154	
12	43	68	
48	7	138	
66	27	117	
16	31	151	
31	50	235	
54	26	164	
40	20	125	
51	30	77	
73	24	34	
55	6	198	
7	61	225	
20	49	240	
35	44	231	
11	67	112	
56	36	35	
28	34	299	
58	32	154	
8	53	289	
42	18	291	
53	34	251	
29	51	50	
65	28	233	
33	45	175	
43	36	77	
74	6	280	
65	29	258	
33	26	133	
32	32	258	
3	72	59	
90	6	138	
31	36	113	
17	60	234	
29	42	66	
43	39	143	
48	48	109	
37	32	299	
55	35	24	
54	30	62	
25	34	285	
67	22	247	
28	25	74	
54	20	36	
37	12	134	
44	5	4	
16	83	159	
53	23	270	
51	46	175	
79	16	241	
41	25	205	
20	33	129	
26	27	73	
31	18	192	
67	21	244	
42	46	265	
37	51	249	
36	15	237	
76	6	30	
5	72	93	
93	6	54	
19	70	256	
41	6	223	
7	72	120	
23	41	143	
26	24	83	
23	23	37	
79	20	37	
63	32	54	
66	20	107	
24	51	145	
6	46	283	
41	18	93	
40	23	20	
22	63	278	
16	33	107	
14	33	188	
41	23	230	
35	45	245	
27	68	258	
30	16	181	
24	66	252	
42	18	36	
58	39	299	
69	14	244	
77	12	142	
30	56	84	
33	28	105	
36	57	220	
59	17	39	
38	48	150	
32	50	147	
10	66	71	
58	21	252	
14	60	130	
43	22	6	
23	58	245	
37	56	216	
56	26	287	
59	9	271	
12	86	106	
13	45	1	
62	35	208	
52	19	85	
12	75	163	
7	56	238	
60	23	78	
71	25	167	
25	25	170	
51	23	202	
9	70	289	
15	60	22	
12	46	151	
1	52	278	
83	13	241	
36	44	223	
55	16	13	
30	41	288	
28	47	251	
43	14	188	
17	38	164	
50	41	49	
18	44	226	
43	37	139	
16	78	131	
2	90	77	
25	50	59	
1	54	73	
43	39	197	
67	27	236	
74	15	149	
31	17	119	
74	8	185	
10	51	32	
65	24	157	
26	47	178	
32	37	160	
53	46	259	
70	24	262	
51	45	161	
43	34	250	
66	26	121	
47	30	58	
43	14	299	
23	51	296	
32	42	282	
31	59	258	
30	23	105	
61	19	143	
28	58	6	
13	43	52	
21	43	93	
73	20	116	
71	28	246	
39	17	237	
18	32	57	
38	38	234	
88	8	67	
70	11	87	
73	26	84	
19	34	191	
48	16	214	
54	6	189	
1	46	112	
69	14	179	
43	40	207	
9	49	254	
50	39	273	
18	27	267	
24	31	124	
79	5	118	
11	76	250	
73	19	298	
2	59	113	
41	48	257	
34	32	42	
37	52	258	
24	41	264	
9	66	153	
38	28	182	
25	31	132	
29	43	107	
9	37	100	
43	47	121	
34	12	290	
10	75	56	
3	73	168	
66	10	260	
21	46	93	
73	6	87	
9	42	290	
41	45	99	
49	47	199	
4	85	204	
21	24	54	
62	23	176	
12	38	256	
43	39	198	
44	42	197	
37	32	169	
3	81	139	
33	57	99	
2	47	244	
32	37	227	
46	17	204	
41	18	16	
15	61	117	
10	77	298	
23	29	154	
16	63	79	
22	62	5	
35	17	225	
28	46	209	
13	38	1	
49	34	229	
63	34	269	
12	53	107	
38	49	148	
12	65	99	
38	56	19	
37	38	211	
3	59	258	
12	73	125	
26	36	278	
85	6	211	
6	55	6	
1	66	108	
13	73	212	
33	30	30	
7	49	171	
29	53	172	
29	42	120	
27	39	113	
43	31	210	
41	18	211	
37	23	219	
28	59	111	
18	70	259	
23	37	20	
26	30	135	
7	78	161	
26	54	274	
39	10	265	
43	21	86	
58	29	255	
46	40	300	
19	43	280	
39	34	264	
8	38	105	
71	6	141	
67	7	207	
35	24	34	
20	28	16	
49	31	8	
5	42	168	
58	34	138	
42	22	222	
33	66	90	
42	33	153	
29	63	37	
23	68	238	
54	14	166	
50	18	78	
41	29	20	
58	13	90	
72	11	70	
22	33	50	
34	14	236	
57	34	234	
18	47	260	
43	14	48	
47	36	284	
29	19	286	
62	12	98	
55	9	54	
56	25	27	
77	14	164	
22	37	268	
24	54	174	
85	13	134	
34	16	79	
20	33	257	
45	30	287	
66	5	219	
39	9	95	
45	14	88	
53	25	110	
4	61	88	
1	56	199	
63	24	250	
15	33	135	
29	38	34	
29	28	102	
63	36	199	
45	39	118	
23	33	75	
1	81	127	
54	5	169	
13	76	19	
6	47	199	
25	69	61	
14	48	179	
8	54	292	
55	36	272	
4	73	288	
21	39	210	
29	53	224	
44	11	165	
61	26	153	
3	83	200	
24	72	81	
36	38	39	
46	22	142	
49	25	226	
28	26	29	
69	16	29	
2	62	211	
30	66	53	
49	43	236	
30	50	2	
40	52	53	
58	29	265	
84	15	162	
51	8	91	
57	15	224	
17	62	229	
62	5	18	
27	67	249	
53	41	124	
24	62	114	
11	51	214	
42	51	189	
20	52	290	
34	28	123	
32	46	250	
59	5	108	
27	68	2	
40	17	140	
54	36	24	
54	12	85	
35	41	223	
71	20	227	
76	22	139	
42	46	104	
50	32	160	
46	13	28	
20	38	110	
65	33	196	
43	27	147	
82	10	105	
5	89	113	
18	68	254	
47	30	289	
76	7	36	
28	30	204	
2	78	41	
20	35	118	
5	51	94	
22	52	290	
34	60	216	
38	45	156	
19	49	125	
49	10	249	
76	7	76	
37	54	14	
6	67	106	
29	48	69	
45	54	262	
79	5	251	
28	51	49	
28	21	106	
18	53	33	
7	69	118	
2	53	208	
26	59	5	
65	20	168	
25	59	211	
65	18	61	
48	49	129	
27	71	224	
22	53	28	
34	39	128	
63	28	181	
44	18	236	
33	41	175	
34	58	173	
20	47	204	
13	36	66	
64	33	180	
64	18	11	
1	57	150	
22	46	177	
49	45	131	
4	56	160	
57	5	179	
30	26	5	
28	57	54	
65	25	137	
39	24	10	
46	53	108	
30	42	115	
44	29	113	
76	10	25	
37	46	115	
45	5	16	
25	22	116	
18	55	87	
13	53	64	
29	59	111	
30	62	97	
41	55	163	
51	14	99	
40	32	38	
63	23	90	
2	93	33	
44	17	4	
7	84	155	
55	33	119	
6	92	81	
52	17	66	
83	13	136	
43	47	193	
25	43	15	
5	56	151	
47	37	24	
11	80	127	
41	14	178	
40	16	26	
72	6	149	
12	84	191	
53	33	86	
21	35	134	
2	43	173	
55	36	189	
45	15	192	
56	12	23	
38	31	191	
24	34	17	
58	12	89	
23	22	178	
52	7	148	
59	17	170	
18	67	96	
36	26	5	
40	30	90	
36	54	47	
13	81	131	
31	28	6	
30	66	35	
49	12	81	
17	39	187	
72	6	56	
10	49	123	
91	5	52	
24	32	52	
73	12	32	
28	36	42	
35	53	161	
46	18	135	
32	16	64	
4	90	42	
83	15	8	
62	10	76	
34	20	33	
18	64	113	
29	38	49	
27	64	187	
11	67	86	
54	8	168	
52	6	31	
37	60	76	
63	20	121	
40	11	173	
2	93	34	
25	35	133	
2	56	57	
45	44	30	
24	32	105	
6	92	106	
8	91	49	
28	40	112	
26	31	16	
29	23	77	
38	17	12	
10	69	29	
32	62	41	
14	64	6	
24	72	135	
79	16	155	
33	41	123	
60	26	25	
47	45	107	
30	24	152	
40	44	3	
16	37	175	
69	5	71	
1	84	58	
10	89	3	
17	32	89	
10	84	127	
47	16	54	
54	31	81	
10	78	155	
58	6	188	
58	12	159	
12	75	101	
58	27	101	
53	28	121	
55	43	176	
60	25	129	
18	79	134	
60	6	26	
65	29	23	
55	29	168	
68	16	15	
14	34	127	
67	24	107	
39	27	45	
10	46	124	
30	62	113	
85	8	147	
43	14	111	
34	50	187	
88	7	109	
63	22	118	
33	44	147	
3	66	46	
11	88	122	
38	50	126	
40	23	104	
41	10	60	
4	82	132	
59	20	22	
30	27	192	
35	21	56	
20	30	192	
35	58	188	
17	81	197	
25	33	123	
3	49	122	
48	8	186	
32	34	11	
17	41	185	
59	34	35	
54	45	58	
38	34	60	
76	10	120	
65	30	25	
31	63	57	
13	42	188	
52	28	50	
67	15	195	
43	46	85	
2	65	126	
36	35	96	
58	27	114	
52	33	127	
45	5	198	
26	50	127	
30	25	145	
34	44	57	
76	5	12	
18	41	84	
25	33	141	
24	51	122	
15	67	180	
57	5	101	
74	22	111	
17	44	58	
22	42	159	
31	55	25	
19	67	122	
19	62	94	
54	25	18	
68	30	111	
20	44	6	
25	39	49	
60	31	151	
21	68	77	
66	9	141	
11	47	4	
8	54	76	
42	20	151	
2	89	4	
53	25	181	
2	83	146	
67	17	149	
86	10	170	
50	45	153	
42	22	78	
17	54	87	
44	38	82	
15	32	13	
8	52	80	
28	26	34	
32	14	118	
35	38	16	
73	13	73	
36	49	138	
6	75	24	
9	82	135	
76	19	136	
56	5	44	
61	9	191	
39	58	200	
7	92	44	
56	24	198	
14	60	155	
19	79	86	
51	7	153	
46	20	166	
41	28	191	
51	29	29	
36	37	135	
9	80	152	
39	24	28	
20	64	113	
33	64	128	
8	59	37	
48	44	171	
28	52	195	
16	73	88	
37	53	86	
19	31	98	
17	68	26	
9	84	199	
3	59	77	
15	63	55	
53	35	2	
77	18	131	
67	8	58	
28	57	89	
5	74	150	
46	51	171	
1	49	172	
5	65	186	
85	12	70	
60	29	36	
26	43	146	
23	50	25	
61	38	177	
28	44	133	
20	55	77	
40	49	53	
7	46	169	
71	13	95	
50	16	61	
14	35	106	
15	59	143	
26	31	54	
75	10	155	
14	65	48	
46	18	64	
23	43	90	
3	85	199	
17	43	56	
38	30	90	
17	29	130	
47	44	123	
59	31	184	
47	6	115	
19	68	185	
16	41	82	
12	67	151	
11	74	184	
41	17	43	
27	60	37	
65	11	28	
7	74	18	
32	46	86	
52	15	88	
82	11	157	
48	37	176	
39	20	172	
35	37	166	
48	23	43	
62	15	55	
26	64	128	
39	30	98	
51	13	116	
1	44	5	
13	48	49	
26	20	134	
43	32	90	
31	61	140	
48	49	113	
19	72	106	
46	13	3	
20	67	102	
46	16	197	
17	29	157	
32	52	179	
59	31	119	
7	45	194	
24	73	6	
14	82	42	
46	29	35	
42	41	58	
78	16	127	
3	94	64	
16	65	75	
77	14	15	
65	31	153	
10	60	180	
34	63	2	
73	22	111	
44	35	1	
15	54	107	
47	6	38	
40	16	1	
40	16	176	
43	44	18	
17	64	115	
17	66	123	
19	37	105	
64	15	193	
57	15	100	
34	58	169	
91	5	35	
53	16	1	
31	26	141	
24	75	59	
1	53	31	
46	29	148	
16	40	29	
51	6	51	
41	9	191	
82	12	154	
29	52	82	
55	42	137	
19	71	89	
40	50	57	
55	8	137	
12	67	117	
71	19	102	
56	25	194	
43	54	135	
24	32	86	
40	14	191	
26	38	20	
16	67	199	
38	38	8	
67	21	76	
66	13	131	
62	23	161	
11	48	63	
20	41	35	
73	6	136	
38	33	97	
52	21	41	
44	37	105	
36	27	11	
80	14	19	
66	25	75	
16	70	73	
24	66	45	
24	55	1	
18	70	141	
47	19	132	
68	16	32	
39	15	105	
43	38	123	
23	32	183	
20	44	77	
22	28	146	
22	52	141	
39	25	14	
77	11	76	
14	55	72	
37	26	74	
44	47	89	
57	25	179	
40	46	87	
16	75	38	
74	25	151	
1	92	113	
63	26	125	
5	45	70	
18	67	128	
27	67	194	
80	13	48	
21	68	92	
58	12	106	
9	37	84	
11	76	131	
70	10	193	
33	44	9	
46	37	124	
11	34	65	
44	9	24	
6	41	119	
6	54	66	
43	17	153	
78	19	102	
40	20	18	
43	50	26	
75	6	19	
92	5	182	
25	55	145	
66	33	171	
21	39	126	
13	47	141	
11	60	66	
52	35	12	
34	62	144	
32	32	54	
22	58	171	
16	58	145	
45	29	170	
36	21	66	
6	89	103	
22	27	91	
11	49	162	
16	68	47	
30	42	37	
10	79	98	
31	51	147	
47	48	121	
26	34	200	
45	40	135	
3	62	126	
19	66	85	
44	50	110	
57	27	96	
94	5	168	
12	63	35	
35	35	125	
44	50	30	
24	67	142	
60	14	148	
2	53	181	
89	9	85	
6	84	149	
18	50	108	
1	98	89	
32	53	158	
28	19	159	
2	96	103	
21	32	176	
9	54	3	
34	61	152	
3	54	67	
3	45	122	
78	14	111	
30	28	25	
10	85	111	
13	36	37	
54	43	163	
6	69	148	
25	30	170	
29	32	64	
40	34	197	
33	42	39	
11	47	77	
16	80	40	
45	16	68	
56	37	113	
70	18	71	
9	85	78	
61	18	193	
62	24	46	
37	10	147	
37	54	58	
16	55	51	
14	67	18	
41	29	145	
53	42	152	
41	20	63	
18	41	103	
57	18	90	
84	7	180	
36	36	20	
49	22	57	
57	23	81	
12	41	161	
43	45	136	
49	24	178	
30	47	100	
54	35	13	
35	11	141	
10	57	9	
27	37	28	
61	27	52	
22	26	19	
9	78	138	
11	73	82	
36	16	177	
39	31	136	
40	26	114	
9	49	62	
27	27	145	
32	48	198	
18	60	144	
2	75	160	
20	67	170	
53	20	178	
36	52	30	
9	38	5	
24	48	161	
1	75	199	
42	38	19	
14	35	135	
52	24	11	
40	40	143	
19	27	167	
39	60	20	
27	22	92	
17	57	139	
26	56	199	
9	72	161	
79	14	86	
6	49	126	
55	10	69	
45	47	86	
56	31	79	
21	49	77	
37	26	42	
9	40	143	
69	11	49	
56	27	112	
4	56	185	
22	39	59	
4	74	40	
14	55	113	
9	90	116	
61	19	119	
6	89	118	
46	22	161	
5	62	124	
39	9	72	
54	11	15	
4	77	47	
47	11	65	
37	43	94	
68	23	63	
61	15	67	
15	41	96	
7	72	56	
8	49	171	
3	52	99	
6	85	36	
18	38	54	
48	41	85	
50	18	50	
7	44	200	
53	18	157	
21	29	48	
51	39	104	
6	89	99	
42	5	8	
19	36	49	
53	30	148	
30	52	40	
54	31	133	
27	58	132	
26	19	159	
68	8	27	
61	16	25	
72	15	161	
15	71	66	
7	78	22	
23	65	61	
41	21	79	
11	77	122	
58	20	193	
53	41	108	
33	14	193	
12	52	21	
39	56	95	
11	78	35	
35	30	171	
45	46	170	
55	41	75	
2	85	58	
7	73	2	
32	36	119	
48	12	113	
17	78	91	
9	77	40	
38	25	158	
71	28	64	
43	47	75	
64	13	167	
23	32	25	
10	76	82	
29	34	83	
34	36	111	
22	28	91	
13	62	152	
50	8	130	
1	94	96	
20	63	158	
15	49	178	
17	75	193	
39	60	132	
52	35	197	
50	16	172	
49	28	31	
20	68	126	
81	17	18	
51	42	158	
71	7	23	
39	18	91	
73	17	57	
52	12	170	
34	65	115	
57	26	49	
82	10	139	
57	28	147	
56	26	118	
53	46	123	
27	60	12	
18	68	114	
61	30	87	
14	64	64	
73	12	51	
17	69	168	
42	52	160	
23	70	161	
67	10	53	
21	76	63	
56	18	180	
51	14	118	
8	45	49	
46	35	185	
64	18	51	
5	52	175	
24	75	184	
37	19	79	
51	36	55	
51	38	152	
2	95	144	
76	16	21	
58	33	132	
56	26	175	
51	13	55	
42	51	1	
67	6	140	
16	69	13	
19	80	196	
54	42	94	
48	32	185	
3	78	106	
41	24	40	
50	28	52	
84	6	58	
79	19	7	
29	56	127	
29	22	74	
45	26	104	
39	8	18	
55	12	38	
1	68	183	
55	6	5	
29	26	80	
31	30	11	
28	62	89	
22	62	41	
24	44	76	
28	70	85	
33	30	182	
40	56	122	
32	65	158	
88	7	154	
6	81	20	
7	57	117	
23	63	184	
11	52	106	
11	61	187	
18	44	181	
7	42	35	
52	38	130	
67	19	154	
49	10	198	
54	39	11	
53	12	119	
72	25	26	
47	49	91	
6	70	7	
20	73	4	
26	39	27	
69	23	102	
62	36	58	
57	40	18	
35	51	159	
65	14	2	
17	82	177	
37	51	24	
18	54	168	
44	54	28	
23	57	161	
3	60	91	
14	75	122	
27	39	73	
71	6	64	
60	5	85	
21	64	61	
45	6	54	
82	11	131	
49	44	194	
9	83	134	
71	6	186	
18	63	152	
56	17	172	
9	70	74	
46	6	142	
38	27	180	
60	24	21	
46	34	187	
44	36	173	
8	76	32	
14	42	64	
36	37	47	
60	23	84	
18	30	20	
26	20	19	
83	10	53	
30	29	1	
73	12	163	
15	68	154	
63	28	130	
50	26	168	
70	21	120	
10	87	167	
64	15	86	
63	17	17	
53	14	27	
67	18	63	
56	34	149	
63	26	143	
41	25	93	
10	74	50	
30	32	29	
74	10	87	
1	64	198	
53	34	126	
29	41	135	
36	62	49	
16	58	45	
64	25	58	
53	25	96	
16	68	149	
45	25	179	
73	6	80	
18	81	62	
12	71	73	
26	20	196	
11	38	199	
67	25	179	
17	57	32	
43	6	53	
64	23	59	
42	24	45	
49	8	36	
38	21	83	
1	50	177	
21	62	27	
14	47	109	
43	46	171	
40	29	29	
4	48	177	
21	46	177	
63	25	188	
14	48	124	
38	61	193	
29	17	101	
31	17	173	
24	23	168	
93	5	12	
90	9	40	
46	25	10	
4	58	43	
38	25	137	
77	12	34	
7	57	175	
52	10	170	
34	11	121	
8	79	112	
44	24	179	
22	73	4	
11	81	99	
26	52	36	
25	22	80	
7	41	148	
46	44	71	
73	17	133	
11	63	162	
45	21	1	
13	34	190	
53	38	82	
19	55	62	
62	29	42	
50	16	54	
2	90	149	
9	43	153	
11	40	75	
73	8	192	
8	56	96	
6	72	20	
15	30	181	
60	24	88	
47	27	53	
30	17	37	
51	29	119	
73	23	108	
2	67	87	
25	31	149	
52	20	102	
8	44	131	
37	51	107	
51	36	99	
18	55	64	
32	67	88	
8	53	1	
43	43	182	
52	26	63	
64	21	111	
44	6	190	
62	12	50	
1	77	120	
32	34	159	
45	34	70	
4	95	140	
25	21	159	
18	35	94	
33	42	111	
72	19	144	
4	57	90	
79	18	126	
74	17	23	
19	39	56	
59	17	71	
44	6	147	
67	22	115	
2	70	1	
3	58	177	
29	68	3	
46	37	142	
19	76	96	
22	46	106	
12	37	182	
57	20	12	
27	31	25	
80	19	113	
62	6	41	
74	12	64	
87	12	56	
25	56	172	
54	42	174	
31	15	138	
6	45	167	
5	73	24	
58	31	156	
11	86	142	
22	27	17	
33	60	26	
4	84	114	
33	39	137	
45	52	198	
60	30	174	
61	24	54	
73	14	99	
20	79	93	
31	51	41	
42	50	191	
4	74	157	
58	11	171	
13	49	170	
16	34	129	
52	21	177	
17	58	164	
41	28	71	
71	23	32	
43	5	146	
9	54	63	
11	60	184	
36	44	72	
9	87	9	
1	93	151	
37	56	137	
68	18	17	
43	20	131	
71	26	192	
74	7	195	
54	18	7	
37	56	27	
50	40	118	
12	87	183	
64	7	3	
26	64	113	
61	9	128	
61	23	76	
47	13	9	
6	93	119	
36	48	42	
48	48	167	
6	74	61	
62	22	44	
45	12	173	
65	21	52	
35	14	159	
14	81	9	
22	43	18	
29	37	70	
24	71	165	
43	38	13	
23	53	100	
38	7	130	
72	13	156	
52	33	162	
62	37	23	
7	77	85	
30	50	26	
16	54	139	
12	55	190	
42	47	115	
35	55	8	
9	85	151	
3	58	87	
54	41	73	
21	68	179	
10	35	193	
79	15	197	
57	7	124	
8	82	27	
40	9	28	
20	40	132	
25	40	162	
38	14	109	
45	37	77	
48	26	37	
61	10	7	
21	62	85	
3	65	156	
2	44	124	
26	32	3	
42	5	29	
41	13	171	
41	35	4	
48	50	180	
6	50	124	
32	31	84	
9	72	130	
1	81	177	
21	68	14	
39	28	94	
76	5	90	
56	11	55	
37	44	67	
66	19	4	
65	11	49	
20	68	39	
42	46	92	
6	48	46	
27	18	188	
26	31	192	
56	9	41	
29	43	168	
49	41	6	
5	49	47	
20	75	126	
29	51	7	
24	53	98	
69	27	200	
19	29	100	
69	14	138	
16	72	23	
30	16	59	
17	32	72	
66	23	122	
72	25	150	
90	6	27	
31	58	127	
42	19	75	
61	7	163	
56	41	7	
29	22	97	
2	91	144	
44	44	22	
78	11	96	
40	44	163	
31	26	128	
11	52	95	
11	51	25	
2	95	13	
48	15	78	
12	87	152	
51	31	192	
17	80	87	
42	10	70	
51	48	78	
38	53	198	
23	50	56	
42	15	92	
42	34	115	
15	81	57	
49	22	59	
24	45	15	
10	45	118	
39	16	54	
1	85	4	
66	11	186	
93	6	54	
18	57	83	
23	54	43	
70	15	91	
53	37	164	
31	18	59	
21	65	182	
50	37	85	
35	34	33	
26	40	27	
22	43	3	
22	77	185	
62	22	92	
38	30	22	
61	37	104	
67	18	26	
24	41	162	
54	39	168	
88	10	185	
49	48	114	
31	41	163	
25	53	188	
65	23	90	
39	40	128	
14	31	130	
15	70	177	
32	63	38	
45	54	3	
27	48	131	
74	6	131	
79	20	161	
10	65	92	
13	36	24	
36	26	35	
2	61	163	
29	65	59	
33	24	193	
6	49	115	
14	70	122	
8	78	177	
48	17	199	
44	33	26	
1	47	120	
47	36	22	
23	74	48	
38	44	90	
84	10	57	
85	14	186	
26	20	179	
60	38	58	
15	32	127	
43	22	188	
69	28	109	
64	35	75	
21	60	60	
37	18	24	
3	59	37	
62	26	136	
29	33	58	
57	41	133	
19	45	193	
13	35	21	
19	44	10	
75	15	192	
22	50	132	
64	12	87	
2	50	4	
42	22	97	
46	50	34	
7	41	91	
51	12	109	
5	71	119	
24	65	29	
10	64	126	
67	22	27	
71	19	39	
66	24	120	
44	54	105	
57	9	123	
2	52	44	
19	27	69	
8	45	180	
40	5	191	
48	24	186	
71	20	34	
88	10	68	
41	42	35	
5	66	132	
64	7	105	
58	18	150	
31	24	172	
50	33	14	
35	56	112	
55	18	68	
30	51	138	
49	38	27	
44	36	22	
21	58	55	
48	47	14	
21	29	98	
13	59	88	
7	79	169	
19	38	138	
48	33	18	
43	44	157	
26	61	83	
31	36	128	
83	16	77	
52	16	148	
34	64	135	
58	22	118	
41	35	131	
13	76	165	
1	73	121	
82	16	188	
25	25	190	
27	50	36	
13	60	83	
30	43	89	
17	70	195	
22	44	153	
4	83	97	
6	44	93	
60	37	74	
38	7	151	
9	50	107	
7	92	21	
78	9	188	
17	82	5	
13	79	129	
11	88	166	
29	35	182	
54	30	7	
3	93	136	
80	16	73	
40	56	194	
57	21	124	
37	47	43	
41	5	113	
18	49	146	
8	75	163	
52	31	172	
46	12	45	
57	23	45	
56	13	69	
13	40	97	
27	31	40	
16	76	24	
77	9	78	
60	15	28	
46	20	117	
26	62	107	
12	72	104	
36	63	2	
71	21	53	
15	41	31	
4	53	33	
50	14	140	
3	54	145	
26	72	46	
39	38	90	
15	70	167	
13	65	168	
46	44	17	
23	37	10	
77	5	14	
26	37	38	
51	17	151	
51	9	148	
10	62	82	
26	57	8	
4	69	10	
28	40	145	
6	70	114	
44	14	155	
8	54	200	
53	32	168	
41	31	60	
9	58	48	
40	54	115	
23	26	138	
44	10	57	
25	67	130	
31	51	147	
21	27	125	
35	24	55	
33	61	168	
1	86	196	
6	85	98	
56	38	104	
32	49	14	
51	16	169	
38	44	41	
38	47	195	
28	48	103	
20	25	49	
74	16	55	
17	80	164	
72	7	189	
32	42	88	
58	29	88	
40	16	104	
19	37	88	
20	45	54	
39	40	177	
57	40	130	
12	44	29	
18	80	33	
9	40	81	
15	50	175	
22	77	89	
29	62	91	
41	35	198	
46	27	150	
41	15	171	
8	45	151	
39	6	12	
24	64	65	
23	22	1	
11	39	61	
60	25	155	
81	7	103	
66	17	146	
50	8	135	
43	34	116	
40	10	63	
59	38	180	
17	56	134	
30	36	106	
1	87	156	
65	6	14	
45	53	120	
26	46	139	
10	58	54	
28	49	55	
21	44	18	
53	13	140	
24	21	13	
57	39	139	
47	12	156	
14	40	44	
25	65	46	
27	26	34	
11	84	43	
1	51	137	
11	58	179	
66	26	103	
56	15	188	
58	36	173	
62	30	13	
58	33	172	
52	33	177	
11	61	63	
67	17	41	
77	10	192	
3	75	7	
41	23	57	
57	19	153	
36	11	15	
17	41	184	
15	53	40	
54	30	28	
20	59	135	
24	22	155	
53	11	149	
40	35	42	
15	59	127	
7	71	66	
22	43	77	
35	63	190	
22	69	102	
70	25	106	
29	58	21	
57	35	119	
56	11	137	
64	20	107	
63	19	48	
35	36	37	
15	51	89	
37	50	74	
46	43	148	
4	65	105	
29	66	85	
18	80	164	
57	6	31	
5	49	1	
39	18	46	
49	24	44	
78	21	182	
10	57	77	
34	53	104	
38	58	120	
4	69	173	
10	51	106	
35	40	100	
46	48	158	
43	24	2	
58	21	145	
17	82	22	
25	47	98	
43	36	22	
12	43	16	
24	40	173	
24	63	141	
36	25	113	
36	52	152	
35	51	159	
70	15	177	
37	51	11	
67	16	129	
30	61	30	
64	14	74	
39	23	159	
33	19	21	
4	75	181	
7	88	65	
48	33	31	
61	33	57	
68	9	77	
41	27	88	
51	39	101	
50	5	111	
69	5	121	
25	70	32	
7	52	137	
66	28	43	
56	27	148	
12	78	174	
4	73	106	
14	82	120	
5	69	95	
5	53	5	
17	70	2	
52	31	97	
60	10	101	
33	43	195	
30	64	106	
46	51	48	
33	39	186	
77	14	1	
60	28	53	
9	66	200	
80	15	126	
7	83	74	
40	18	33	
17	58	54	
44	53	178	
20	50	36	
1	91	110	
20	31	67	
34	12	130	
25	53	111	
57	5	161	
58	6	120	
57	18	82	
30	35	95	
52	19	114	
26	53	49	
33	39	196	
13	53	200	
10	47	57	
68	5	179	
36	40	190	
77	10	41	
4	78	137	
8	81	15	
15	72	169	
64	28	52	
46	14	36	
56	12	106	
52	12	76	
26	58	1	
38	36	140	
88	5	168	
27	67	47	
46	32	86	
4	95	156	
54	18	72	
29	58	59	
3	49	146	
83	9	170	
60	9	54	
39	32	101	
50	28	47	
62	28	125	
58	29	66	
4	87	57	
75	22	40	
19	68	16	
66	24	61	
84	13	35	
49	36	64	
37	53	91	
38	24	172	
10	56	51	
18	79	192	
28	48	136	
29	58	184	
60	18	44	
20	32	15	
18	42	19	
37	34	43	
42	46	4	
62	21	19	
7	53	196	
83	8	142	
12	63	34	
42	31	40	
58	21	97	
14	77	132	
86	6	22	
2	51	28	
26	36	24	
2	71	49	
54	14	29	
22	71	136	
1	51	53	
49	5	182	
32	34	92	
31	30	61	
76	10	40	
33	36	149	
38	36	86	
8	61	132	
44	12	32	
40	24	133	
54	44	162	
6	66	87	
61	17	184	
43	38	117	
26	42	161	
42	11	27	
23	31	34	
90	8	50	
40	21	26	
5	55	124	
56	37	123	
49	37	163	
74	25	156	
42	27	76	
3	72	42	
23	67	118	
16	40	182	
32	52	168	
84	13	130	
36	60	95	
42	5	120	
3	78	185	
26	27	136	
87	6	91	
38	9	115	
22	27	180	
26	61	129	
18	57	90	
4	68	73	
13	63	144	
50	30	110	
59	29	122	
2	79	152	
12	58	46	
48	18	27	
88	10	1	
17	74	180	
62	18	83	
25	61	79	
30	65	143	
20	27	168	
22	67	46	
44	18	18	
62	31	78	
25	21	171	
23	59	37	
36	10	194	
31	67	7	
70	9	57	
18	71	198	
71	17	130	
13	41	43	
45	14	48	
57	16	54	
20	26	191	
14	70	63	
55	24	6	
12	40	85	
12	72	45	
59	14	80	
55	38	132	
31	51	85	
62	35	172	
30	19	102	
62	23	23	
13	71	121	
36	28	119	
5	87	50	
36	50	91	
10	87	174	
35	12	183	
79	15	23	
49	38	130	
52	11	103	
23	34	138	
21	64	162	
28	30	126	
10	58	15	
28	61	1	
27	50	194	
8	76	24	
36	11	64	
40	38	160	
82	9	71	
4	53	170	
68	13	167	
11	62	26	
4	66	122	
31	45	190	
47	9	77	
59	20	32	
39	34	138	
16	56	156	
17	65	58	
1	85	143	
38	13	161	
32	32	32	
56	17	93	
27	51	58	
2	85	145	
47	46	57	
17	73	69	
4	50	32	
26	26	121	
23	65	192	
40	14	79	
72	11	25	
12	69	156	
14	56	153	
15	81	54	
29	28	2	
38	33	153	
42	39	100	
4	61	86	
61	8	112	
9	78	130	
26	28	115	
1	84	81	
28	28	86	
13	53	68	
27	21	47	
43	24	38	
31	36	8	
10	66	38	
44	9	13	
56	8	161	
63	29	73	
66	11	58	
45	35	23	
48	13	148	
23	44	169	
7	70	28	
56	6	103	
32	41	86	
69	10	37	
29	41	3	
42	33	149	
52	16	37	
71	26	60	
32	56	6	
26	23	51	
5	69	177	
30	54	78	
27	59	181	
44	35	34	
9	76	64	
35	23	192	
13	36	134	
67	25	199	
31	35	99	
52	14	92	
17	57	49	
25	54	195	
43	15	21	
15	46	76	
76	19	91	
35	17	25	
46	40	68	
84	6	123	
27	38	183	
26	63	192	
42	36	68	
39	39	60	
19	35	21	
32	33	109	
13	81	76	
10	87	40	
36	31	195	
42	50	46	
40	15	70	
49	40	156	
50	16	144	
47	19	150	
41	15	121	
17	75	134	
52	25	108	
54	36	83	
31	34	179	
52	35	113	
51	37	147	
46	19	156	
63	20	78	
25	71	70	
46	34	126	
22	23	103	
65	30	200	
72	21	57	
66	26	188	
45	26	46	
14	37	26	
6	56	14	
65	17	50	
73	14	17	
27	40	152	
40	38	30	
13	76	116	
20	78	134	
44	26	53	
43	18	152	
77	6	149	
30	28	17	
30	39	1	
13	76	120	
26	44	54	
10	76	24	
10	46	163	
44	54	192	
49	20	51	
21	69	46	
55	18	12	
44	55	89	
30	25	10	
12	85	128	
26	32	23	
26	69	85	
35	21	24	
23	52	16	
13	54	129	
9	61	4	
73	22	71	
13	41	7	
8	80	59	
44	53	122	
5	92	67	
45	47	198	
63	23	199	
59	37	77	
38	16	56	
58	26	194	
2	58	74	
75	17	117	
87	11	8	
58	6	188	
27	40	149	
20	29	61	
1	50	50	
21	24	131	
40	42	157	
19	76	72	
23	44	134	
33	64	198	
16	54	148	
27	43	44	
13	77	136	
90	5	164	
57	32	129	
32	55	42	
1	69	45	
33	34	178	
61	7	31	
24	48	166	
43	17	91	
7	73	156	
38	52	6	
15	80	198	
2	67	164	
31	16	5	
26	42	81	
36	43	20	
21	76	18	
54	37	138	
91	6	105	
59	19	82	
49	49	121	
25	69	5	
24	69	17	
63	11	62	
32	34	120	
2	49	177	
70	16	57	
68	28	92	
41	21	31	
29	23	118	
53	30	60	
40	5	27	
46	50	89	
60	38	121	
39	13	102	
47	48	53	
40	26	194	
37	36	20	
58	23	119	
50	33	163	
76	20	141	
59	33	153	
61	23	53	
21	29	150	
16	52	196	
37	33	199	
25	40	112	
13	81	109	
37	38	107	
3	65	41	
3	57	191	
36	13	42	
60	9	125	
86	9	154	
57	31	150	
26	71	112	
82	16	11	
79	20	69	
22	51	16	
4	59	15	
31	34	182	
43	9	196	
38	49	169	
19	39	127	
86	11	188	
38	40	96	
64	12	150	
37	59	138	
33	59	83	
3	44	40	
38	59	24	
42	11	173	
57	34	22	
43	12	104	
86	5	6	
40	49	179	
40	54	19	
17	66	11	
6	59	5	
26	46	179	
50	28	54	
63	8	166	
43	47	150	
28	68	116	
24	45	199	
35	17	199	
49	38	126	
55	36	123	
33	52	20	
32	56	81	
6	81	60	
48	10	82	
34	29	23	
51	11	148	
2	92	143	
18	69	43	
32	27	75	
31	36	53	
37	24	94	
31	36	190	
61	30	105	
56	34	29	
48	50	97	
42	35	101	
11	60	125	
5	62	181	
6	68	190	
41	29	122	
9	64	160	
28	71	108	
21	48	150	
33	22	151	
68	19	175	
8	56	55	
49	18	182	
52	26	127	
17	52	60	
57	37	196	
82	12	103	
9	70	104	
3	84	54	
20	46	138	
41	35	197	
22	65	129	
34	32	196	
37	17	6	
83	14	191	
48	42	25	
4	88	175	
14	45	198	
43	33	79	
44	19	7	
27	67	193	
6	69	119	
65	22	100	
36	60	85	
42	7	5	
19	37	167	
7	68	188	
47	52	67	
45	14	77	
43	26	138	
60	28	59	
17	58	127	
54	12	162	
31	64	73	
30	46	26	
52	33	1	
29	40	117	
58	21	123	
29	17	187	
45	49	3	
16	47	5	
2	70	168	
13	61	81	
60	35	101	
23	64	82	
35	45	149	
1	53	14	
40	23	42	
11	75	106	
79	9	13	
79	8	72	
7	57	194	
2	63	95	
26	52	5	
5	85	145	
78	10	42	
29	53	84	
30	26	128	
46	16	147	
49	45	180	
61	23	185	
69	20	78	
73	5	155	
17	65	61	
21	41	91	
29	18	73	
20	45	93	
21	34	72	
47	50	58	
53	36	123	
23	26	166	
48	37	154	
73	11	15	
7	76	187	
44	17	33	
45	7	19	
10	83	151	
17	52	78	
42	51	86	
77	11	171	
45	25	87	
76	7	8	
53	43	158	
25	36	41	
46	37	79	
4	85	47	
15	55	156	
41	20	109	
7	67	86	
7	40	105	
35	42	20	
51	12	59	
67	25	96	
39	32	115	
1	57	177	
72	5	140	
42	26	119	
21	73	150	
56	41	160	
53	44	196	
36	62	178	
52	5	99	
24	27	192	
19	71	171	
78	15	74	
51	40	143	
21	37	75	
31	65	165	
12	71	158	
11	53	55	
84	8	111	
50	29	147	
13	78	16	
31	17	3	
53	25	184	
44	37	166	
9	81	109	
18	37	111	
35	36	139	
14	67	163	
43	19	132	
40	27	131	
25	22	186	
1	89	2	
48	29	36	
32	26	94	
62	16	10	
19	74	110	
62	28	123	
71	12	130	
44	29	14	
8	82	106	
8	68	199	
10	83	116	
33	53	95	
28	50	61	
39	7	118	
59	36	3	
80	19	170	
50	33	117	
36	17	58	
80	8	64	
79	7	31	
75	14	152	
79	6	107	
9	79	33	
57	37	36	
13	83	173	
4	73	124	
43	17	163	
4	47	56	
22	29	64	
8	73	14	
11	87	6	
32	48	55	
27	25	31	
31	24	127	
53	21	37	
11	49	75	
24	42	118	
37	29	97	
25	27	132	
42	30	59	
64	31	131	
47	49	92	
4	87	47	
33	48	102	
24	70	114	
57	15	176	
43	20	175	
9	38	153	
73	22	106	
2	94	153	
43	33	56	
40	56	177	
32	49	183	
45	48	65	
4	43	59	
55	6	164	
32	35	187	
26	42	147	
14	77	112	
13	53	41	
23	68	152	
60	25	46	
24	66	165	
4	58	186	
38	35	81	
28	65	116	
16	49	162	
28	62	7	
32	56	135	
16	64	138	
26	37	149	
30	31	51	
13	67	63	
39	25	34	
30	34	85	
37	47	175	
41	25	148	
51	18	168	
31	55	87	
26	38	174	
62	5	94	
21	36	90	
44	36	4	
85	11	125	
61	23	82	
51	13	80	
34	53	10	
33	58	37	
90	7	182	
40	55	193	
33	38	26	
53	6	114	
36	41	139	
39	53	67	
16	62	93	
21	76	198	
14	74	161	
4	94	94	
34	38	194	
24	31	127	
7	79	197	
69	9	113	
12	56	84	
44	50	169	
42	16	68	
7	79	96	
36	29	8	
47	27	38	
42	5	72	
17	80	132	
3	80	169	
41	53	60	
43	19	58	
61	21	193	
32	66	187	
22	26	171	
2	53	46	
23	46	154	
19	73	26	
31	67	173	
51	28	151	
53	33	128	
30	37	26	
62	11	72	
48	50	42	
25	64	160	
44	21	16	
82	7	74	
39	23	32	
24	58	168	
10	73	136	
40	35	62	
36	63	148	
49	25	39	
75	5	78	
12	78	144	
48	38	190	
11	79	168	
10	57	10	
84	8	195	
44	38	151	
38	23	118	
42	8	49	
8	43	47	
1	75	30	
54	19	2	
47	35	171	
30	19	137	
71	26	18	
6	62	133	
38	8	185	
7	68	28	
64	27	61	
4	60	61	
71	15	146	
42	16	75	
15	38	128	
40	46	199	
30	35	9	
19	68	28	
45	52	19	
49	21	122	
36	35	35	
25	49	3	
46	13	90	
77	7	73	
67	13	29	
17	29	116	
62	23	198	
35	29	197	
32	54	12	
51	41	120	
19	57	89	
2	51	74	
44	47	185	
6	84	50	
17	42	44	
61	5	191	
72	6	128	
11	73	175	
34	35	101	
4	48	131	
9	60	191	
17	75	56	
78	12	45	
60	26	93	
12	40	113	
83	6	146	
6	73	8	
27	29	164	
28	27	22	
17	30	159	
79	19	57	
6	52	61	
55	41	181	
44	37	186	
49	34	126	
35	57	72	
6	58	46	
1	48	95	
36	42	17	
12	80	21	
60	14	153	
54	10	173	
51	48	56	
1	50	106	
30	66	118	
37	31	110	
49	25	78	
15	60	14	
32	13	62	
1	78	2	
13	53	124	
3	71	66	
55	39	124	
83	6	119	
57	21	94	
33	28	49	
3	50	118	
45	42	57	
32	50	136	
29	46	16	
23	66	65	
47	9	198	
61	10	83	
69	24	63	
54	16	76	
26	51	199	
6	50	183	
24	35	86	
46	9	113	
6	86	74	
90	6	136	
77	9	89	
32	29	187	
57	30	35	
75	10	15	
50	41	126	
5	65	171	
59	16	177	
29	30	71	
34	35	171	
51	31	130	
8	83	32	
29	20	88	
27	37	85	
16	65	31	
45	39	105	
5	43	6	
11	56	31	
54	10	6	
66	14	82	
2	97	147	
2	76	4	
8	82	97	
22	27	147	
55	38	89	
6	73	161	
50	26	191	
7	55	9	
6	63	123	
64	30	68	
21	66	67	
48	35	137	
28	33	115	
15	52	100	
15	37	78	
33	55	10	
20	43	160	
60	5	29	
26	62	130	
35	44	172	
35	12	167	
8	81	173	
43	17	6	
86	12	5	
41	24	163	
24	27	169	
52	7	130	
53	40	122	
1	86	117	
45	34	142	
61	20	55	
77	6	83	
45	40	81	
9	37	73	
64	8	67	
1	64	36	
30	36	82	
33	42	89	
60	9	43	
38	47	33	
20	55	5	
61	19	107	
81	18	154	
16	29	64	
52	36	144	
58	12	190	
39	28	76	
45	6	157	
70	6	171	
35	37	49	
57	19	79	
41	53	55	
61	31	34	
47	10	68	
65	33	139	
24	52	81	
41	27	197	
1	68	17	
35	43	18	
64	9	46	
12	47	144	
1	57	184	
46	32	48	
55	22	55	
5	67	83	
9	63	24	
8	52	113	
24	64	54	
31	60	136	
56	43	86	
60	31	138	
32	29	87	
29	18	3	
41	40	1	
42	29	184	
55	17	8	
75	23	134	
29	70	130	
9	90	62	
1	49	26	
30	59	101	
31	64	46	
22	42	184	
3	49	63	
75	20	167	
50	37	25	
86	10	49	
17	37	46	
15	53	55	
30	64	105	
61	23	7	
29	48	53	
62	36	194	
55	22	191	
18	78	163	
80	12	111	
27	59	77	
32	61	138	
26	63	181	
8	79	162	
42	22	11	
73	18	128	
61	19	143	
10	58	24	
55	39	137	
48	39	146	
38	57	114	
31	52	157	
70	21	9	
17	70	100	
76	12	68	
74	11	79	
66	7	150	
26	24	199	
61	18	75	
65	11	61	
19	31	139	
55	18	142	
49	26	51	
23	44	112	
35	51	75	
39	26	188	
45	30	12	
23	59	78	
25	60	187	
52	26	125	
60	12	31	
51	41	177	
23	56	3	
63	6	33	
2	72	22	
26	26	78	
64	15	32	
46	52	30	
18	38	111	
7	84	52	
14	68	10	
13	61	101	
59	18	36	
60	28	196	
65	33	106	
13	62	31	
17	36	179	
74	24	14	
63	19	27	
9	42	18	
37	61	192	
40	29	93	
18	72	113	
64	7	116	
56	38	146	
55	38	29	
5	74	44	
22	69	10	
66	15	188	
32	24	77	
29	37	150	
18	54	25	
36	27	1	
47	23	156	
12	67	153	
5	92	19	
44	53	154	
80	13	60	
27	61	104	
35	43	112	
67	22	195	
42	25	97	
35	53	146	
21	72	184	
69	10	177	
42	48	146	
47	14	29	
21	24	112	
38	15	61	
