85	10	115	
58	24	208	
34	25	288	
69	24	247	
5	60	258	
7	75	29	
20	73	59	
2	84	85	
44	19	154	
19	35	46	
49	29	105	
59	25	248	
65	19	90	
22	24	50	
58	29	54	
40	43	239	
44	7	175	
33	39	166	
57	9	267	
27	37	160	
67	31	22	
56	34	268	
27	53	144	
75	8	189	
29	26	156	
39	13	188	
41	45	17	
66	27	101	
41	5	212	
3	85	172	
44	22	82	
42	36	252	
5	45	288	
67	7	165	
10	42	241	
23	48	106	
56	36	1	
68	6	227	
45	35	254	
36	60	106	
73	21	291	
22	66	204	
58	26	139	
26	20	56	
37	36	149	
21	53	141	
40	20	27	
3	48	251	
41	48	133	
37	51	69	
8	73	54	
8	42	295	
32	23	129	
20	28	126	
9	68	106	
21	47	153	
35	29	158	
46	47	103	
22	73	31	
11	60	156	
6	50	232	
44	5	58	
1	89	82	
57	40	142	
71	23	58	
39	59	202	
64	11	209	
58	28	158	
36	53	156	
19	50	2	
25	55	182	
28	67	159	
9	43	191	
1	63	114	
35	48	118	
31	29	203	
69	11	270	
46	14	163	
72	10	120	
14	71	198	
2	49	120	
22	68	9	
80	18	245	
23	57	217	
45	36	93	
27	18	161	
18	33	240	
56	8	173	
32	61	154	
23	58	224	
43	48	200	
55	44	12	
45	49	73	
10	36	78	
37	39	272	
37	56	95	
21	67	42	
43	21	274	
19	32	173	
3	64	143	
33	28	184	
68	27	221	
46	9	270	
15	60	99	
73	15	229	
70	24	269	
66	30	208	
86	6	232	
91	8	204	
74	21	216	
23	46	162	
29	31	118	
38	56	242	
7	45	26	
30	15	106	
9	38	168	
14	46	57	
33	13	112	
29	47	201	
14	37	211	
45	26	7	
10	39	31	
62	28	126	
55	6	249	
19	68	182	
43	35	233	
25	50	158	
14	47	12	
49	32	176	
41	6	193	
16	40	108	
22	63	4	
17	71	130	
38	56	203	
36	62	161	
41	51	83	
36	46	138	
31	27	286	
9	87	116	
38	19	81	
78	9	204	
50	12	38	
65	28	21	
24	29	170	
25	29	16	
56	8	277	
5	91	296	
52	13	146	
25	42	248	
30	30	271	
10	69	58	
30	52	64	
69	12	15	
13	70	296	
64	15	89	
13	80	258	
32	27	209	
7	64	92	
19	34	260	
27	53	98	
16	74	201	
10	57	165	
83	14	4	
26	38	191	
4	44	203	
15	47	18	
79	15	159	
32	34	24	
7	38	263	
41	20	109	
6	68	278	
63	30	53	
34	11	20	
78	18	37	
38	30	193	
15	47	154	
45	31	109	
21	78	34	
29	44	137	
6	79	19	
12	58	204	
73	5	174	
7	44	103	
38	26	146	
31	29	164	
31	65	91	
57	21	112	
19	43	197	
8	41	289	
63	30	92	
18	34	204	
6	90	148	
50	29	243	
27	52	93	
26	30	79	
3	94	248	
12	69	295	
13	44	118	
17	76	197	
59	28	180	
66	11	146	
68	28	205	
25	20	98	
34	35	171	
39	58	194	
63	12	20	
48	48	70	
23	34	136	
28	29	10	
66	28	251	
62	16	125	
41	48	68	
48	12	132	
40	15	276	
47	24	6	
58	37	136	
41	28	33	
9	86	191	
61	7	255	
20	49	143	
9	58	127	
41	36	17	
50	27	127	
66	9	108	
9	73	291	
18	39	51	
28	26	54	
64	28	197	
11	61	147	
33	45	197	
78	16	156	
3	77	30	
26	58	59	
59	30	19	
54	35	190	
62	26	143	
24	70	278	
4	72	204	
21	32	64	
60	8	163	
40	7	75	
88	9	62	
77	6	223	
6	82	29	
77	14	92	
19	40	296	
67	11	233	
27	66	14	
49	25	35	
66	26	214	
52	41	183	
52	38	176	
35	12	257	
53	33	2	
48	33	296	
20	65	300	
27	46	237	
25	53	203	
1	46	203	
20	44	247	
1	47	139	
48	28	196	
22	58	6	
38	23	101	
15	43	93	
15	41	223	
64	10	120	
2	66	98	
5	51	64	
42	22	200	
55	29	128	
84	7	56	
8	59	34	
6	53	227	
27	19	254	
76	19	8	
46	36	68	
1	87	243	
6	78	71	
39	7	134	
20	70	69	
22	41	35	
4	50	46	
5	44	172	
12	57	217	
61	26	230	
13	56	158	
6	81	177	
50	24	96	
46	20	129	
2	45	172	
49	16	15	
38	44	48	
36	55	74	
51	6	160	
3	91	75	
24	71	23	
1	66	227	
34	15	261	
19	50	71	
55	41	14	
67	25	193	
61	15	154	
39	21	243	
21	24	82	
25	49	259	
57	21	207	
56	7	98	
2	69	295	
26	36	140	
66	28	73	
40	31	200	
4	84	93	
56	30	159	
4	54	168	
25	31	248	
13	58	15	
57	5	225	
29	53	157	
58	30	73	
59	20	130	
35	21	9	
52	47	262	
22	49	287	
12	60	158	
50	16	199	
89	9	43	
69	21	230	
41	26	202	
3	58	159	
6	74	288	
88	8	155	
38	20	281	
9	76	172	
77	7	122	
53	40	92	
53	33	277	
13	68	245	
32	16	171	
58	6	195	
60	8	186	
4	70	90	
42	37	145	
84	13	21	
77	10	21	
60	39	271	
2	74	243	
47	50	257	
25	51	126	
80	10	71	
11	56	97	
67	12	63	
27	69	241	
51	19	22	
61	33	77	
9	84	16	
34	25	166	
49	27	52	
6	48	259	
16	75	96	
78	17	227	
39	52	263	
53	36	20	
30	38	75	
22	69	280	
4	91	254	
16	78	3	
1	93	159	
78	11	287	
37	47	299	
68	26	140	
84	7	141	
49	12	122	
4	78	255	
7	55	163	
51	29	209	
8	51	70	
34	48	254	
34	49	196	
4	83	50	
12	80	201	
45	36	76	
15	47	1	
80	15	54	
16	57	119	
59	30	99	
12	64	20	
54	18	214	
14	60	253	
19	75	151	
75	11	291	
25	41	121	
17	28	206	
8	48	63	
65	14	151	
31	25	130	
13	36	287	
22	42	130	
19	40	135	
23	62	157	
54	22	91	
3	88	138	
18	58	276	
48	35	176	
11	43	288	
13	86	141	
70	17	53	
9	71	102	
33	53	172	
88	6	215	
36	53	210	
32	32	101	
3	63	88	
60	21	71	
2	43	135	
45	12	106	
19	60	100	
25	28	53	
18	29	66	
48	23	34	
42	36	151	
45	51	276	
2	77	214	
26	32	265	
14	65	120	
46	15	274	
60	22	281	
14	79	213	
72	14	192	
8	48	93	
7	82	37	
32	50	265	
45	35	182	
27	38	158	
17	49	260	
5	67	208	
57	13	157	
6	93	169	
32	46	271	
25	54	169	
13	85	131	
90	6	226	
70	13	234	
80	11	278	
54	25	115	
81	13	157	
64	8	51	
46	33	282	
67	10	141	
20	43	141	
32	22	37	
14	62	85	
14	42	268	
63	35	258	
33	52	240	
56	19	214	
6	76	48	
11	49	239	
18	28	273	
22	26	25	
38	54	75	
74	16	147	
12	85	269	
52	46	197	
19	35	165	
6	91	64	
30	36	20	
21	49	172	
49	23	171	
14	53	4	
38	8	119	
5	90	10	
48	30	8	
81	7	16	
11	66	112	
27	60	274	
46	19	198	
30	23	37	
41	57	71	
63	26	87	
71	25	149	
7	81	66	
6	44	53	
19	36	106	
40	30	200	
32	36	115	
26	51	106	
7	92	63	
9	80	106	
46	10	150	
75	7	294	
11	78	79	
23	45	106	
55	31	107	
48	11	49	
3	80	50	
11	45	54	
47	17	58	
1	64	33	
7	52	41	
3	60	300	
72	22	194	
19	80	154	
51	40	55	
35	19	67	
43	32	183	
73	12	141	
19	76	60	
9	81	281	
57	39	53	
28	49	10	
14	31	138	
83	8	181	
72	19	200	
18	37	44	
38	59	6	
69	22	40	
55	27	268	
34	34	223	
1	49	212	
36	9	145	
52	44	230	
17	76	109	
69	28	194	
28	33	182	
15	78	272	
35	47	34	
6	53	216	
79	18	225	
22	34	116	
22	48	126	
3	60	211	
35	55	139	
53	38	278	
37	39	296	
27	28	250	
59	6	216	
58	18	45	
20	64	256	
42	33	126	
46	52	99	
71	8	97	
55	41	285	
69	18	121	
35	19	195	
51	11	104	
18	39	12	
48	38	201	
3	96	172	
32	65	162	
42	21	121	
7	71	285	
72	19	69	
3	53	195	
50	12	185	
5	89	279	
30	64	25	
6	49	179	
31	35	170	
30	46	66	
14	42	233	
57	35	20	
4	68	162	
1	45	281	
8	82	146	
29	40	238	
2	44	85	
64	32	288	
41	22	128	
39	59	101	
45	42	255	
42	36	293	
24	53	181	
43	14	18	
44	19	183	
2	96	103	
82	6	159	
9	89	276	
26	53	79	
54	19	208	
10	47	238	
15	45	248	
31	32	250	
13	63	50	
27	45	241	
16	58	223	
80	9	102	
18	58	39	
60	36	32	
72	21	160	
9	42	157	
5	41	174	
20	55	173	
23	67	249	
15	77	55	
25	48	186	
69	17	109	
28	49	291	
75	6	190	
30	33	271	
25	69	110	
46	5	174	
12	76	34	
41	9	183	
9	59	287	
19	46	281	
19	43	61	
73	11	238	
2	67	89	
26	72	220	
44	16	185	
11	39	88	
28	31	169	
4	59	89	
54	38	52	
19	69	211	
28	59	102	
7	76	127	
9	41	246	
20	67	38	
32	60	157	
14	35	268	
33	25	203	
13	75	6	
24	69	203	
26	65	187	
29	47	78	
67	19	251	
30	49	67	
71	16	141	
58	23	119	
84	12	170	
53	38	41	
68	16	18	
52	9	53	
10	51	127	
62	9	150	
67	29	158	
77	12	206	
2	68	103	
47	43	243	
21	41	219	
84	11	281	
75	14	87	
45	53	58	
30	47	260	
53	23	257	
20	57	196	
68	16	9	
48	31	212	
26	63	7	
70	18	57	
35	17	7	
8	85	285	
36	37	235	
35	43	16	
22	44	65	
3	63	216	
29	67	127	
48	32	21	
50	34	192	
49	39	54	
9	73	270	
19	59	65	
58	10	252	
36	18	2	
43	38	241	
38	39	287	
11	34	225	
39	9	92	
11	78	61	
44	18	104	
46	48	246	
33	65	130	
80	17	218	
74	25	27	
41	45	65	
36	48	260	
39	26	155	
62	33	278	
25	51	244	
30	18	214	
47	44	109	
53	14	294	
76	5	272	
37	27	103	
10	47	122	
72	14	167	
6	45	270	
72	20	58	
51	14	5	
49	45	167	
68	12	291	
11	59	224	
6	70	136	
15	33	221	
17	79	39	
84	9	35	
3	77	164	
22	69	18	
64	7	36	
20	49	163	
9	70	186	
15	31	134	
3	88	284	
19	75	298	
50	43	183	
58	35	249	
40	36	204	
64	9	233	
17	38	243	
38	20	273	
54	29	69	
22	47	80	
52	15	31	
40	7	266	
7	74	101	
16	75	87	
20	37	116	
18	49	71	
36	55	132	
61	35	171	
54	40	203	
2	78	100	
42	52	54	
6	50	236	
19	75	261	
72	13	68	
15	59	86	
11	43	200	
22	56	90	
19	30	82	
77	12	57	
85	12	285	
33	16	252	
67	17	80	
40	54	167	
3	83	300	
47	42	124	
41	26	89	
33	48	253	
31	14	284	
1	57	164	
47	13	236	
3	53	177	
68	11	29	
6	70	156	
14	63	112	
52	18	281	
47	20	289	
40	39	290	
39	29	140	
34	44	52	
13	32	72	
3	94	11	
77	8	57	
4	75	37	
83	7	254	
51	38	287	
41	6	231	
3	86	244	
25	52	88	
36	34	291	
9	70	179	
19	76	72	
17	38	280	
66	33	40	
51	16	14	
46	43	169	
39	10	194	
29	20	36	
55	5	223	
54	31	169	
76	19	125	
23	40	127	
22	27	243	
22	62	49	
56	13	280	
21	30	2	
16	43	292	
35	34	170	
24	47	115	
17	40	32	
12	36	40	
42	11	96	
54	16	234	
70	22	115	
67	18	69	
21	51	150	
26	22	128	
25	32	273	
57	36	17	
34	17	102	
37	28	8	
64	18	200	
41	36	213	
81	11	180	
7	39	279	
74	13	265	
17	58	123	
35	52	97	
38	18	90	
28	35	17	
46	31	230	
49	17	55	
19	65	205	
31	17	252	
86	11	43	
25	74	192	
20	45	229	
7	62	230	
63	13	79	
72	22	106	
11	64	85	
39	17	228	
32	63	5	
59	25	163	
26	45	140	
48	7	94	
25	55	161	
50	28	72	
77	16	223	
36	23	73	
66	23	199	
27	58	167	
68	24	233	
33	25	227	
51	21	192	
68	17	45	
52	7	288	
16	56	144	
20	74	34	
3	83	102	
46	39	192	
47	23	142	
37	12	46	
9	78	168	
73	14	174	
26	72	210	
52	40	187	
15	57	181	
55	41	27	
52	33	274	
3	73	14	
18	29	254	
23	47	189	
25	60	222	
86	11	74	
24	62	185	
44	49	132	
37	60	74	
30	35	190	
8	80	156	
52	16	47	
48	34	27	
33	20	297	
21	62	179	
18	39	108	
2	93	116	
4	93	192	
36	9	143	
17	66	38	
20	73	191	
11	55	116	
44	10	29	
46	25	42	
86	13	89	
1	58	40	
4	78	162	
38	54	102	
32	59	295	
58	9	206	
46	50	106	
85	10	11	
59	7	261	
46	41	24	
70	8	1	
42	12	249	
2	94	113	
27	47	189	
15	66	67	
33	44	85	
69	13	73	
3	82	207	
14	44	214	
10	75	32	
53	28	81	
8	79	283	
75	9	102	
57	12	146	
74	7	209	
41	52	15	
30	48	226	
35	23	103	
42	8	1	
54	33	20	
42	42	82	
12	62	193	
77	17	158	
27	24	49	
17	36	154	
14	71	195	
8	49	183	
44	9	196	
44	37	287	
50	20	116	
60	36	87	
44	55	97	
49	23	148	
89	5	297	
6	68	46	
28	17	210	
30	16	233	
17	50	188	
21	38	207	
46	42	82	
78	15	78	
17	77	35	
39	29	46	
48	33	19	
7	66	269	
13	48	293	
49	38	91	
64	20	183	
51	26	266	
26	31	85	
62	13	166	
44	31	211	
45	14	191	
29	50	293	
44	10	97	
5	88	293	
52	25	86	
64	26	198	
49	42	5	
16	79	299	
9	78	129	
49	8	169	
19	41	117	
63	21	129	
23	32	131	
54	12	139	
49	44	248	
25	37	62	
47	19	109	
6	73	171	
32	55	263	
4	58	69	
62	12	5	
6	52	4	
12	47	200	
66	15	138	
15	49	162	
21	50	147	
40	48	58	
34	52	89	
34	17	231	
23	44	249	
27	20	207	
77	13	87	
40	30	198	
66	29	256	
30	54	193	
9	41	35	
70	7	292	
76	12	114	
15	82	257	
15	75	45	
42	56	58	
50	46	87	
7	41	190	
27	30	272	
80	18	158	
45	30	133	
58	17	274	
16	32	238	
29	37	204	
15	59	180	
25	47	285	
20	30	127	
8	66	194	
16	62	33	
37	59	44	
26	43	145	
71	12	56	
25	67	58	
9	80	157	
9	46	239	
8	79	201	
76	18	149	
8	74	19	
60	22	265	
20	74	205	
89	8	278	
21	56	3	
64	22	140	
14	41	277	
59	34	42	
19	31	262	
48	37	259	
65	5	268	
2	90	15	
72	13	291	
20	48	159	
21	48	14	
41	14	145	
18	48	19	
5	71	248	
53	16	298	
35	10	63	
67	22	22	
16	30	99	
39	54	231	
57	7	165	
10	57	250	
24	59	29	
46	14	276	
54	38	252	
70	7	193	
44	22	73	
67	12	144	
12	74	106	
23	62	24	
58	5	54	
57	31	21	
5	87	168	
48	32	10	
50	49	155	
6	74	176	
33	28	235	
12	60	257	
36	18	21	
22	51	101	
10	88	54	
36	23	31	
47	20	195	
76	9	141	
44	50	104	
1	66	202	
10	66	148	
67	27	153	
29	31	247	
29	49	49	
71	19	128	
38	54	208	
10	47	96	
52	47	275	
6	93	259	
48	33	294	
27	59	130	
1	54	53	
41	55	42	
73	8	77	
50	36	235	
63	20	94	
20	47	169	
52	47	223	
24	47	184	
70	21	3	
44	21	109	
40	11	97	
52	12	124	
3	66	85	
16	81	13	
40	32	152	
3	58	70	
4	94	137	
79	14	24	
61	19	170	
56	25	94	
28	52	20	
40	16	193	
38	61	98	
19	53	244	
31	29	68	
16	57	182	
40	26	94	
50	11	62	
7	91	269	
8	83	286	
16	76	125	
20	51	254	
37	43	114	
54	35	91	
55	14	248	
59	5	41	
35	36	69	
42	6	28	
67	27	109	
91	5	218	
63	19	286	
47	37	152	
30	51	242	
44	21	229	
32	13	14	
26	26	136	
50	28	227	
89	5	49	
55	30	208	
60	32	28	
37	12	134	
37	51	104	
13	68	280	
33	56	5	
57	42	275	
62	26	176	
12	77	206	
28	62	33	
25	57	86	
16	33	251	
40	15	275	
55	11	2	
64	9	241	
51	27	18	
32	40	229	
4	81	25	
16	50	184	
40	6	160	
65	18	78	
47	19	226	
33	22	201	
63	5	73	
43	30	165	
41	34	245	
38	51	148	
79	14	74	
20	29	298	
12	80	92	
10	45	227	
40	17	4	
43	27	230	
56	18	135	
89	10	232	
6	46	80	
42	36	84	
93	5	127	
15	65	101	
41	36	267	
33	61	250	
10	68	262	
51	16	177	
43	52	235	
18	39	91	
47	37	282	
16	79	150	
20	25	4	
3	51	217	
24	71	217	
22	73	171	
46	18	258	
16	58	49	
42	44	181	
70	20	145	
31	49	140	
33	25	70	
31	54	55	
49	10	124	
90	8	250	
7	52	69	
49	11	69	
54	22	215	
64	8	93	
53	25	149	
45	38	287	
40	15	16	
36	48	14	
13	60	125	
24	71	2	
29	39	275	
33	17	90	
34	37	159	
19	43	180	
52	13	131	
19	71	140	
78	16	86	
42	19	143	
7	48	145	
69	6	267	
38	39	251	
75	15	143	
9	52	76	
56	38	255	
82	11	40	
73	14	28	
37	51	169	
63	20	101	
61	27	17	
58	9	105	
23	32	162	
49	16	116	
50	20	150	
9	45	215	
44	41	266	
33	21	153	
16	40	60	
13	37	20	
8	65	179	
25	74	259	
47	44	138	
8	68	49	
36	25	273	
27	26	31	
31	44	199	
19	37	28	
15	66	60	
37	31	275	
70	18	286	
9	38	120	
4	95	257	
10	50	146	
17	62	217	
69	23	15	
38	49	9	
14	31	95	
44	10	103	
31	46	37	
23	45	298	
83	12	189	
58	40	70	
71	9	299	
29	39	237	
20	35	44	
57	37	276	
6	89	160	
44	48	106	
4	92	208	
14	83	289	
45	39	200	
2	54	63	
22	45	135	
13	40	162	
26	51	181	
25	46	33	
74	17	293	
55	13	260	
38	17	259	
27	47	298	
62	28	54	
55	34	259	
57	7	216	
61	10	178	
47	10	152	
56	8	38	
6	49	140	
86	6	218	
67	18	232	
2	90	101	
4	93	230	
72	26	185	
46	9	168	
22	66	76	
87	5	62	
45	20	191	
68	13	34	
78	18	291	
20	48	13	
59	20	131	
33	30	122	
19	26	258	
4	54	157	
30	63	216	
61	12	59	
39	19	177	
36	63	168	
27	31	252	
15	33	249	
32	22	296	
62	31	102	
33	62	113	
45	12	63	
60	22	69	
40	15	249	
79	7	104	
69	19	267	
46	28	99	
17	28	161	
47	20	101	
41	43	59	
36	15	55	
59	5	176	
43	35	14	
48	25	281	
54	20	226	
13	75	91	
33	43	223	
77	16	15	
31	21	63	
40	16	51	
20	42	46	
52	43	240	
44	44	289	
52	40	120	
44	46	166	
75	11	258	
62	30	71	
13	35	138	
59	7	168	
5	66	166	
19	38	9	
49	46	176	
36	36	20	
63	27	292	
58	20	63	
37	43	62	
59	22	263	
19	50	93	
66	12	50	
40	20	10	
61	18	260	
13	83	66	
59	28	122	
16	32	204	
20	26	120	
59	26	4	
22	24	130	
6	44	63	
4	93	106	
54	33	264	
43	5	233	
14	35	197	
45	41	107	
14	46	199	
9	52	201	
32	38	157	
54	28	144	
30	23	297	
41	44	221	
45	8	185	
31	21	214	
88	8	96	
42	14	23	
8	86	173	
37	21	144	
7	71	247	
16	30	87	
56	14	77	
29	62	38	
36	32	220	
3	76	177	
28	55	248	
33	29	116	
55	30	278	
21	43	5	
13	53	77	
23	37	209	
38	42	174	
69	19	42	
47	12	114	
8	86	164	
4	45	244	
4	56	295	
15	52	19	
15	53	268	
63	32	103	
38	58	186	
36	34	124	
1	59	231	
50	28	252	
26	26	270	
11	41	176	
48	46	80	
44	25	220	
5	85	115	
18	54	137	
12	76	262	
19	67	137	
57	40	1	
56	22	85	
38	47	248	
83	7	66	
62	9	184	
65	5	81	
13	45	94	
74	10	99	
68	14	108	
17	50	128	
68	20	31	
19	33	254	
22	32	37	
13	70	131	
38	11	295	
7	43	181	
13	78	11	
39	29	175	
78	15	212	
73	25	28	
72	7	246	
2	84	1	
40	56	257	
17	73	22	
85	10	68	
7	78	129	
68	10	167	
62	9	230	
15	43	25	
3	69	274	
10	41	154	
48	19	235	
4	58	56	
72	20	275	
44	47	141	
12	47	95	
52	17	261	
46	45	15	
27	35	169	
35	51	208	
36	43	269	
74	10	10	
8	57	3	
26	35	4	
67	10	150	
38	24	8	
31	44	292	
5	56	25	
74	10	191	
87	11	142	
68	19	298	
8	89	107	
24	64	288	
77	15	235	
56	28	77	
37	21	250	
41	46	77	
24	66	197	
9	48	155	
13	52	12	
46	11	125	
33	38	38	
18	45	182	
48	22	207	
67	29	52	
38	34	89	
28	64	83	
50	26	172	
2	67	181	
35	53	133	
41	23	72	
52	12	159	
33	33	75	
1	59	105	
26	48	148	
36	24	221	
86	13	159	
37	34	263	
2	65	33	
28	23	220	
19	35	138	
84	6	5	
62	6	285	
52	43	182	
60	20	227	
11	87	20	
34	45	186	
52	15	62	
88	6	51	
36	40	135	
59	7	243	
33	19	113	
90	6	74	
32	43	176	
83	11	108	
20	77	37	
54	17	168	
37	21	145	
55	16	170	
37	8	243	
66	22	126	
40	11	33	
41	58	40	
14	71	104	
24	56	66	
27	53	127	
56	6	79	
34	14	234	
23	30	17	
59	9	20	
79	16	13	
54	10	217	
41	34	193	
33	29	51	
34	48	74	
51	47	65	
29	66	182	
34	13	293	
81	12	190	
19	76	144	
6	71	7	
38	28	127	
3	59	138	
19	80	71	
6	44	33	
65	28	151	
4	53	132	
12	75	204	
41	44	248	
7	44	294	
35	20	276	
17	59	124	
39	25	279	
4	56	216	
44	48	141	
23	68	89	
56	5	285	
86	13	180	
8	84	74	
28	61	85	
66	14	209	
62	33	206	
33	37	288	
16	70	166	
1	97	10	
59	5	61	
10	74	85	
63	11	205	
12	62	108	
38	61	209	
21	57	247	
36	63	282	
58	15	50	
46	25	242	
30	44	79	
15	72	17	
39	48	98	
60	32	108	
6	40	165	
76	9	161	
1	47	34	
86	6	215	
55	44	242	
34	16	128	
2	85	198	
17	33	179	
77	9	115	
16	60	236	
2	75	241	
9	81	9	
29	42	144	
48	19	106	
13	72	242	
43	34	96	
25	43	24	
66	20	171	
29	46	48	
64	10	69	
33	30	160	
49	33	279	
3	65	144	
36	62	230	
15	53	121	
39	12	41	
5	93	59	
49	15	287	
11	35	156	
5	54	45	
13	53	171	
59	16	209	
32	22	86	
13	84	103	
28	36	98	
19	44	155	
49	7	195	
72	12	49	
6	93	250	
18	76	90	
45	49	138	
61	23	34	
39	49	130	
51	40	194	
4	83	115	
13	53	108	
41	58	259	
24	75	159	
13	84	24	
51	31	200	
9	49	139	
1	95	237	
39	60	25	
59	18	268	
67	5	5	
30	57	8	
25	53	223	
61	31	128	
53	39	72	
28	41	108	
53	13	12	
6	91	287	
8	45	299	
31	59	289	
30	27	118	
46	42	106	
63	36	204	
53	44	253	
26	48	126	
48	49	43	
47	51	91	
54	26	195	
41	42	155	
14	52	18	
17	45	185	
41	29	277	
26	39	197	
46	49	191	
67	16	106	
37	40	229	
11	62	46	
63	28	91	
42	33	240	
42	18	168	
40	51	80	
74	18	275	
81	16	64	
46	22	20	
2	92	108	
13	78	240	
17	56	297	
69	16	217	
26	53	228	
55	26	138	
29	22	57	
50	35	117	
62	34	226	
15	42	130	
43	39	131	
36	30	298	
81	15	88	
74	20	50	
34	17	261	
3	90	104	
66	6	5	
74	6	295	
8	59	206	
48	35	195	
27	39	23	
23	61	117	
8	67	70	
61	35	54	
64	14	52	
40	39	160	
8	53	19	
65	26	218	
6	74	127	
45	38	156	
65	25	18	
51	39	278	
3	46	221	
44	31	226	
30	40	225	
26	53	211	
65	14	245	
44	47	195	
43	17	88	
47	36	261	
62	21	19	
18	64	233	
9	36	186	
2	60	108	
21	32	49	
15	57	211	
20	34	276	
51	41	4	
80	9	134	
13	68	82	
26	69	120	
51	9	245	
42	40	178	
5	53	264	
20	66	257	
45	11	147	
20	64	68	
24	41	216	
44	32	274	
14	80	125	
32	40	93	
27	62	64	
31	38	213	
4	75	276	
28	54	214	
80	10	238	
40	18	56	
26	25	127	
73	18	278	
3	50	89	
44	30	200	
53	8	45	
3	47	159	
78	11	31	
23	43	74	
50	29	173	
68	28	225	
57	24	48	
37	8	101	
14	39	133	
23	22	148	
18	29	228	
11	46	89	
11	34	190	
13	83	132	
63	20	46	
20	72	68	
54	45	285	
12	72	210	
12	42	75	
40	32	51	
52	33	94	
32	42	203	
22	27	63	
2	68	237	
22	63	39	
68	6	227	
24	57	8	
27	53	151	
40	48	162	
30	64	54	
11	75	211	
13	57	74	
48	19	273	
13	55	119	
74	23	52	
62	19	98	
12	39	219	
16	51	270	
62	6	261	
15	50	244	
58	29	244	
76	12	173	
74	24	163	
44	43	146	
45	6	77	
32	30	272	
31	26	24	
27	71	55	
31	45	76	
10	73	220	
33	24	12	
19	69	197	
35	34	34	
1	80	159	
3	74	59	
71	16	175	
3	47	242	
54	8	247	
35	46	11	
27	72	61	
81	17	123	
4	54	97	
48	42	80	
15	30	64	
33	19	87	
58	36	75	
41	11	295	
56	16	263	
48	13	261	
42	5	148	
16	45	93	
71	20	257	
54	5	221	
56	17	80	
46	24	118	
2	44	80	
62	37	94	
6	67	97	
77	22	113	
3	57	153	
22	43	8	
12	37	27	
25	44	18	
87	12	49	
20	58	49	
7	92	265	
47	50	132	
37	8	144	
37	33	16	
3	53	274	
16	64	10	
22	35	29	
7	39	140	
18	78	268	
21	52	100	
88	7	227	
32	33	129	
63	19	28	
13	84	246	
50	30	75	
66	30	243	
84	6	222	
4	81	73	
60	23	73	
35	37	291	
44	53	183	
39	10	118	
26	36	144	
68	22	129	
69	19	142	
75	15	172	
18	44	102	
75	6	9	
76	14	221	
31	56	144	
38	31	75	
49	26	212	
58	25	182	
20	76	147	
85	5	82	
3	94	272	
17	64	144	
42	7	195	
49	5	282	
31	55	156	
78	19	223	
14	57	237	
41	23	296	
22	59	39	
60	25	245	
30	56	157	
33	26	189	
84	14	53	
65	22	43	
8	49	274	
78	12	269	
29	38	114	
60	36	200	
42	32	93	
79	14	69	
41	33	205	
42	32	33	
28	49	14	
51	40	188	
18	44	268	
40	5	116	
52	16	1	
28	31	241	
52	32	268	
38	31	73	
4	72	130	
58	32	215	
62	13	122	
62	28	290	
37	36	33	
38	57	215	
44	12	86	
52	17	42	
4	83	216	
18	58	233	
29	36	140	
49	25	266	
47	28	105	
34	64	192	
6	69	146	
49	45	248	
51	6	130	
68	8	291	
33	28	224	
25	73	194	
19	47	299	
55	40	264	
36	45	68	
50	34	216	
51	10	15	
29	43	153	
25	51	55	
47	11	59	
66	15	69	
31	61	47	
17	70	167	
72	7	225	
1	69	244	
30	36	99	
66	5	172	
33	21	296	
39	48	193	
76	20	157	
55	27	166	
13	47	187	
30	63	148	
71	21	85	
62	11	85	
37	38	53	
57	11	130	
26	73	98	
14	64	135	
70	16	68	
60	31	1	
15	55	44	
5	85	41	
39	24	239	
71	18	49	
3	57	186	
4	67	95	
3	50	270	
47	24	52	
32	42	84	
5	48	246	
58	38	171	
67	26	16	
16	78	208	
71	9	89	
79	18	33	
73	24	110	
39	18	8	
32	52	280	
25	44	260	
33	66	241	
18	46	65	
30	32	87	
10	48	26	
51	6	290	
63	26	152	
51	16	245	
59	33	115	
71	18	189	
29	51	204	
37	38	197	
44	13	65	
16	69	236	
27	19	7	
21	61	298	
31	45	235	
4	82	192	
6	49	287	
61	36	233	
47	26	54	
22	57	179	
25	28	165	
67	23	184	
48	20	135	
1	47	52	
25	60	206	
9	38	67	
40	17	148	
63	21	204	
45	20	232	
25	65	216	
9	59	130	
32	43	206	
41	9	227	
53	32	203	
44	39	33	
22	46	184	
25	38	42	
27	52	70	
10	73	113	
59	14	128	
32	34	228	
74	11	95	
40	59	217	
21	47	97	
1	54	9	
12	64	31	
23	54	78	
47	20	2	
12	73	76	
30	61	134	
8	43	47	
40	18	118	
15	47	185	
4	88	122	
19	50	182	
25	52	299	
64	33	109	
77	22	257	
34	49	69	
38	53	248	
14	73	206	
29	22	95	
72	10	137	
70	15	265	
48	39	15	
18	33	93	
33	39	228	
28	39	120	
19	35	125	
28	64	237	
5	44	55	
37	27	59	
37	14	164	
53	17	291	
27	58	72	
27	20	180	
30	23	89	
69	9	41	
9	80	278	
78	8	238	
7	55	44	
26	41	147	
64	19	178	
3	56	265	
15	32	263	
41	21	158	
68	10	267	
22	27	126	
17	68	86	
18	41	162	
34	33	232	
36	55	204	
52	6	208	
39	16	288	
33	31	233	
4	67	194	
1	58	284	
32	25	256	
84	13	235	
51	24	68	
79	11	18	
76	15	124	
25	25	56	
18	41	60	
8	84	188	
56	21	251	
35	45	55	
22	50	110	
16	33	203	
56	18	296	
69	6	69	
35	23	132	
77	8	26	
11	56	110	
70	9	56	
10	58	120	
37	33	256	
14	76	255	
26	23	196	
37	21	259	
9	45	93	
6	58	16	
73	17	172	
40	10	20	
13	57	104	
42	47	93	
25	55	26	
10	76	265	
74	9	107	
18	71	90	
54	23	264	
4	72	161	
42	37	95	
65	23	205	
11	48	262	
39	59	41	
68	16	130	
43	17	152	
74	12	132	
36	12	101	
25	46	145	
28	21	11	
58	36	215	
53	39	213	
19	37	104	
28	43	8	
60	17	171	
63	10	36	
1	97	294	
39	11	275	
24	38	260	
38	20	272	
42	14	187	
15	70	266	
11	36	243	
15	82	137	
40	9	151	
31	67	261	
38	19	109	
31	44	164	
37	20	187	
66	17	121	
60	27	181	
23	65	24	
82	12	179	
8	55	104	
25	60	124	
19	43	191	
25	65	9	
71	24	256	
56	23	75	
7	75	272	
32	65	277	
48	36	62	
5	50	163	
25	59	60	
28	58	6	
79	11	62	
38	36	221	
50	49	257	
40	31	235	
34	28	6	
9	54	149	
80	16	205	
2	78	149	
16	57	173	
17	63	147	
49	36	45	
73	15	184	
7	65	273	
9	84	240	
3	70	90	
9	68	12	
15	54	241	
70	8	35	
36	28	227	
6	55	237	
18	44	187	
47	25	180	
32	59	182	
39	58	85	
66	24	251	
18	27	169	
46	8	246	
24	74	79	
5	91	44	
71	18	236	
24	26	297	
15	53	209	
29	34	37	
50	7	221	
68	17	214	
2	89	181	
18	27	43	
15	41	205	
10	44	107	
21	55	31	
19	43	4	
10	61	278	
33	39	41	
9	70	281	
31	25	17	
30	34	116	
63	15	266	
54	22	180	
17	82	215	
22	28	112	
4	45	294	
74	19	17	
66	20	193	
3	74	100	
92	7	186	
66	22	210	
43	16	134	
56	22	110	
5	48	154	
21	67	294	
10	45	208	
58	29	36	
41	52	174	
68	25	142	
20	54	62	
15	30	71	
4	60	129	
9	51	187	
36	60	282	
50	27	93	
62	29	50	
9	38	223	
35	11	154	
34	19	12	
31	36	18	
30	47	164	
9	89	52	
11	67	55	
46	49	291	
37	56	220	
36	29	4	
16	55	47	
65	20	196	
87	9	139	
74	15	254	
62	19	92	
30	50	227	
8	51	118	
21	33	199	
34	21	120	
64	26	127	
23	29	260	
26	65	145	
54	5	179	
47	45	78	
18	56	117	
38	30	205	
60	18	164	
34	26	146	
57	30	150	
42	30	141	
18	29	272	
1	81	265	
65	24	9	
7	75	237	
45	22	64	
19	67	79	
4	70	273	
25	67	136	
38	21	204	
11	43	220	
40	46	106	
52	29	203	
51	11	244	
17	37	194	
16	49	32	
19	53	55	
71	27	42	
32	43	31	
13	36	161	
43	35	286	
44	48	299	
41	42	77	
41	11	119	
47	45	100	
3	58	7	
33	35	255	
15	84	91	
14	77	222	
18	71	163	
56	6	84	
20	38	263	
19	75	300	
1	89	192	
52	9	213	
57	38	169	
1	58	121	
85	10	188	
44	49	196	
53	11	198	
13	52	43	
45	39	28	
65	31	230	
6	66	149	
1	68	145	
84	6	252	
15	77	183	
77	15	243	
43	7	70	
52	11	193	
45	34	257	
30	25	286	
7	75	136	
54	21	210	
52	43	273	
66	17	261	
11	55	208	
78	12	59	
26	19	222	
37	49	281	
66	25	247	
15	76	196	
58	31	168	
18	34	27	
56	23	107	
43	11	60	
13	74	114	
40	8	70	
30	56	187	
45	19	251	
62	21	98	
3	69	190	
73	10	9	
46	10	178	
24	37	91	
44	43	265	
7	60	251	
14	59	292	
41	49	54	
65	18	295	
14	53	251	
41	15	57	
5	61	16	
24	49	31	
34	52	54	
27	48	17	
25	62	5	
64	7	133	
32	19	119	
7	88	150	
58	13	280	
52	14	57	
30	42	90	
39	17	250	
29	21	57	
10	47	55	
62	23	259	
47	24	140	
12	61	172	
43	47	258	
7	45	258	
18	74	95	
61	18	228	
80	11	26	
11	45	131	
37	24	27	
73	26	15	
24	42	130	
39	26	88	
4	59	236	
38	30	289	
5	81	252	
19	29	293	
53	40	79	
60	25	88	
35	13	143	
59	26	22	
14	77	34	
66	11	111	
52	37	18	
7	60	16	
23	73	100	
13	35	82	
50	18	219	
15	53	237	
77	16	58	
1	56	184	
59	25	296	
37	34	57	
5	62	11	
18	77	41	
2	44	300	
22	47	192	
14	36	268	
8	59	213	
61	34	270	
46	6	9	
9	72	94	
34	25	7	
37	13	295	
92	5	252	
41	44	151	
66	28	246	
51	36	102	
25	50	123	
1	53	205	
43	37	66	
19	39	5	
10	40	291	
25	22	79	
42	33	177	
68	31	125	
47	15	7	
34	36	126	
25	31	114	
70	6	297	
19	59	189	
45	52	190	
4	85	278	
34	60	88	
3	57	174	
56	26	118	
11	52	47	
73	19	254	
39	39	263	
51	9	203	
48	46	70	
73	24	254	
67	5	145	
8	69	150	
7	56	237	
17	53	46	
52	29	77	
32	15	93	
72	7	197	
49	30	157	
51	20	178	
1	83	112	
54	41	241	
51	37	160	
49	9	200	
26	72	250	
47	10	292	
34	15	215	
56	34	298	
66	18	132	
10	63	232	
89	10	54	
76	5	64	
22	43	1	
53	14	275	
64	15	144	
15	83	159	
47	10	23	
76	18	136	
25	58	52	
41	27	157	
63	26	278	
75	18	163	
75	24	233	
69	7	254	
6	55	7	
15	41	273	
29	50	297	
16	39	227	
14	47	201	
3	57	197	
69	25	207	
22	67	90	
39	41	41	
30	21	289	
61	18	194	
61	21	112	
41	12	223	
49	22	283	
41	44	35	
5	76	119	
35	14	214	
17	61	256	
41	9	222	
40	37	192	
37	58	225	
50	29	32	
27	19	272	
7	50	184	
47	27	186	
64	19	49	
38	14	295	
66	17	94	
34	30	178	
6	76	283	
4	58	291	
10	74	252	
9	53	195	
51	7	208	
60	18	204	
30	22	276	
50	16	269	
23	72	98	
50	25	179	
2	92	3	
10	52	102	
38	32	14	
59	38	96	
2	86	76	
12	59	203	
76	20	118	
6	88	251	
45	7	212	
53	44	175	
1	61	26	
20	38	128	
54	20	152	
10	85	252	
8	68	291	
34	34	216	
21	61	261	
8	76	145	
63	24	76	
80	19	55	
37	8	192	
50	7	151	
19	62	30	
4	81	106	
8	87	17	
14	67	74	
9	53	237	
4	46	213	
5	74	226	
20	54	175	
43	16	253	
39	19	201	
42	55	238	
12	42	96	
47	27	200	
30	15	255	
41	32	296	
29	42	195	
82	15	27	
33	37	265	
73	8	186	
23	24	3	
67	13	193	
51	22	113	
11	84	80	
24	48	88	
14	78	60	
10	37	180	
26	64	29	
39	23	101	
35	54	180	
52	12	167	
53	29	94	
62	36	40	
25	59	93	
34	24	108	
74	23	129	
7	49	37	
17	57	238	
74	19	9	
16	52	155	
35	10	163	
36	26	19	
25	21	292	
42	56	67	
25	44	4	
5	87	44	
85	7	130	
42	29	201	
55	13	274	
47	9	299	
30	23	210	
24	56	121	
51	7	233	
2	44	293	
25	64	74	
13	64	68	
44	6	72	
20	43	83	
20	28	208	
75	13	265	
3	49	218	
33	21	119	
88	8	29	
44	15	115	
71	14	285	
36	34	56	
58	31	29	
89	8	62	
22	46	129	
18	55	222	
86	12	135	
48	29	137	
64	21	253	
67	16	121	
5	79	214	
27	26	181	
36	63	51	
58	27	243	
7	89	240	
21	41	281	
39	10	73	
31	54	274	
86	12	47	
36	32	200	
4	48	281	
15	63	99	
35	39	112	
3	50	79	
29	59	162	
30	43	293	
49	6	126	
36	33	8	
59	33	199	
27	58	260	
13	73	138	
1	89	159	
48	46	138	
25	41	191	
33	34	213	
37	26	182	
47	42	25	
25	36	114	
28	64	8	
16	74	211	
10	58	295	
44	23	38	
31	34	233	
11	36	159	
6	51	258	
25	55	253	
72	6	133	
26	59	34	
49	47	268	
29	29	245	
49	35	128	
33	31	61	
33	48	264	
50	29	17	
4	75	39	
18	35	226	
60	25	23	
20	64	216	
51	9	28	
38	50	41	
53	25	98	
41	26	214	
25	68	128	
32	22	19	
25	25	104	
45	16	254	
11	57	13	
16	60	171	
37	19	162	
12	42	199	
69	28	126	
59	9	22	
5	89	251	
32	15	98	
57	24	83	
52	13	18	
16	77	52	
5	75	11	
76	10	63	
51	31	209	
83	14	119	
57	7	109	
7	65	90	
36	32	196	
59	20	77	
82	12	241	
34	55	250	
1	79	122	
27	32	294	
13	36	133	
26	21	261	
5	58	9	
48	15	107	
36	32	137	
75	19	114	
6	40	2	
40	13	28	
87	12	188	
64	9	292	
54	24	58	
42	41	130	
47	13	231	
4	60	30	
3	63	69	
79	5	166	
39	26	219	
19	38	19	
29	32	79	
7	73	213	
17	64	80	
14	77	148	
47	12	93	
52	30	190	
53	5	45	
77	15	35	
21	46	292	
33	31	23	
61	34	49	
13	36	259	
37	17	152	
36	61	287	
2	76	285	
9	40	57	
8	72	99	
69	16	213	
44	6	6	
10	86	26	
29	65	70	
37	46	234	
10	59	146	
34	57	251	
43	51	231	
82	16	117	
9	38	288	
17	77	293	
27	68	162	
29	56	130	
12	67	101	
83	11	165	
24	66	134	
26	30	100	
50	38	259	
1	57	74	
38	29	265	
37	11	48	
70	21	275	
5	66	287	
33	22	181	
78	8	115	
46	28	156	
20	33	168	
64	24	166	
47	19	75	
20	73	15	
70	27	225	
72	27	119	
14	34	256	
27	49	265	
42	34	262	
11	72	95	
10	59	194	
38	42	252	
22	27	106	
33	54	173	
44	27	185	
25	62	77	
51	30	298	
9	57	233	
65	19	178	
74	21	68	
31	64	115	
25	53	215	
71	24	237	
66	19	72	
60	9	291	
67	8	253	
45	38	63	
77	9	275	
45	9	25	
24	41	236	
74	8	45	
20	33	263	
47	31	179	
46	33	87	
70	8	77	
32	66	272	
40	17	266	
41	15	215	
52	36	214	
9	38	131	
46	46	243	
10	68	4	
27	54	293	
19	48	7	
45	51	99	
15	70	250	
25	62	277	
6	39	87	
64	29	89	
73	18	124	
1	56	53	
13	60	167	
49	36	181	
11	84	205	
12	48	190	
4	92	156	
16	31	75	
54	32	243	
53	26	227	
24	37	190	
43	16	3	
2	77	242	
54	7	269	
18	45	191	
7	39	60	
14	66	86	
20	70	135	
5	94	227	
50	43	119	
6	93	40	
20	35	86	
63	25	183	
24	24	24	
59	23	13	
51	17	71	
26	42	175	
67	7	201	
45	18	52	
87	11	17	
36	18	13	
58	27	241	
25	35	267	
10	82	242	
64	11	295	
52	42	293	
71	9	220	
3	68	58	
3	42	8	
6	58	91	
50	47	158	
32	51	209	
50	31	236	
76	5	100	
62	35	241	
26	30	106	
89	7	267	
46	31	252	
67	17	196	
31	32	231	
70	14	160	
7	64	132	
75	16	13	
82	5	187	
24	44	215	
1	74	298	
56	8	238	
6	49	75	
33	20	276	
22	64	292	
46	49	151	
29	27	191	
35	42	281	
42	35	77	
31	67	288	
37	11	289	
39	34	140	
62	34	153	
7	59	162	
31	34	197	
26	51	299	
54	21	77	
49	27	162	
11	54	284	
93	6	217	
34	14	267	
10	72	81	
20	56	262	
14	71	40	
78	12	277	
13	58	208	
21	37	180	
36	51	127	
51	44	153	
51	25	68	
34	47	173	
5	87	123	
29	38	110	
39	43	60	
26	63	61	
47	25	252	
61	14	164	
37	19	80	
12	61	218	
14	42	6	
14	63	292	
22	46	39	
44	49	213	
68	10	63	
32	34	10	
17	69	296	
53	6	189	
27	50	95	
67	31	138	
25	21	200	
7	86	150	
10	45	179	
46	52	284	
81	14	73	
35	33	6	
58	31	104	
81	5	98	
37	10	253	
61	33	207	
43	29	161	
74	11	25	
58	14	263	
47	25	152	
24	71	247	
27	36	213	
49	37	252	
6	66	247	
8	55	104	
15	62	279	
28	48	258	
46	22	279	
32	30	114	
43	20	259	
57	34	82	
14	41	215	
39	55	265	
27	53	143	
14	81	160	
6	90	279	
17	67	111	
45	16	20	
33	42	107	
15	72	126	
3	55	165	
20	63	288	
54	8	30	
47	11	264	
11	84	294	
35	30	171	
49	6	103	
39	22	47	
31	21	132	
51	38	139	
22	29	265	
59	34	248	
65	7	282	
6	51	158	
59	17	28	
3	76	76	
12	59	59	
67	11	203	
23	35	273	
73	7	158	
63	11	179	
36	40	6	
33	23	124	
30	37	244	
34	16	108	
6	39	292	
1	70	145	
47	10	89	
31	52	40	
30	58	96	
2	73	159	
41	53	31	
24	63	261	
26	51	25	
16	81	230	
71	23	300	
1	50	134	
5	76	247	
41	23	97	
63	11	143	
64	21	40	
56	22	2	
57	36	205	
27	46	36	
52	14	114	
73	14	248	
28	48	236	
38	57	186	
2	60	109	
66	6	240	
45	44	67	
5	55	72	
17	41	13	
18	40	281	
12	60	152	
57	14	232	
43	8	110	
16	83	86	
31	15	154	
9	41	269	
51	8	97	
13	78	290	
12	49	54	
40	5	29	
2	83	161	
77	13	169	
63	8	173	
55	21	64	
35	41	193	
31	24	15	
53	23	10	
30	51	273	
73	22	76	
64	6	42	
72	12	298	
45	52	278	
24	41	54	
14	61	221	
39	57	281	
23	56	78	
60	31	275	
65	21	126	
32	30	82	
7	66	219	
34	32	143	
41	27	99	
11	62	228	
6	55	211	
14	48	69	
11	84	239	
2	84	121	
49	35	266	
3	49	72	
15	36	85	
65	15	84	
68	6	119	
37	51	133	
40	32	185	
11	45	75	
52	27	125	
45	21	19	
40	39	220	
30	42	247	
12	46	165	
44	7	14	
14	78	104	
52	6	160	
59	17	289	
21	65	95	
34	63	193	
21	73	39	
59	5	123	
2	55	89	
19	43	205	
37	58	150	
26	67	65	
51	18	221	
9	55	228	
20	53	231	
67	13	18	
39	52	266	
75	24	177	
8	85	267	
46	25	259	
75	14	241	
7	58	93	
60	36	144	
61	28	181	
37	56	181	
48	48	254	
22	53	94	
75	6	234	
23	29	48	
9	61	72	
23	71	79	
43	11	20	
52	31	79	
6	74	73	
70	17	141	
80	12	39	
54	36	220	
23	59	75	
16	29	5	
12	44	10	
40	24	175	
45	10	298	
30	40	7	
30	28	95	
9	51	142	
44	28	179	
40	5	240	
1	81	166	
42	35	256	
60	38	186	
39	36	214	
10	67	223	
51	18	264	
39	36	276	
21	25	259	
62	15	67	
44	21	115	
64	24	58	
14	41	10	
54	29	98	
45	30	267	
61	22	36	
49	47	284	
45	29	15	
6	84	80	
19	33	230	
20	44	173	
82	14	25	
28	32	282	
45	33	95	
31	34	152	
49	6	204	
19	44	171	
52	35	93	
53	20	122	
30	63	268	
69	15	254	
3	73	137	
61	23	230	
20	30	237	
23	27	184	
5	71	201	
81	8	259	
51	27	58	
15	30	253	
14	75	69	
62	35	110	
26	54	257	
26	39	89	
62	15	51	
80	15	173	
23	27	164	
48	48	161	
54	36	161	
2	48	255	
5	42	163	
49	37	239	
57	16	254	
35	60	147	
68	20	258	
63	36	38	
13	60	168	
36	25	189	
36	38	214	
46	29	288	
29	40	200	
21	77	59	
2	60	90	
53	32	147	
7	69	193	
18	46	139	
23	35	143	
32	56	8	
65	32	90	
15	82	100	
29	45	267	
11	87	178	
30	64	119	
15	66	48	
44	38	234	
37	36	253	
72	21	171	
23	42	50	
14	55	129	
22	63	106	
46	20	90	
7	48	236	
32	13	243	
50	5	120	
39	9	147	
75	17	287	
37	17	202	
69	27	262	
40	16	104	
5	41	228	
62	34	276	
8	39	224	
36	12	197	
36	19	96	
20	55	21	
44	51	240	
48	47	261	
40	43	200	
43	25	289	
12	56	116	
22	69	10	
56	34	112	
70	15	274	
37	59	146	
28	55	241	
40	58	214	
26	57	264	
50	17	157	
52	7	67	
25	59	205	
2	95	55	
49	12	279	
77	19	126	
28	64	46	
20	40	202	
34	47	259	
58	39	116	
66	31	230	
53	28	213	
23	70	113	
16	58	22	
26	72	162	
3	96	199	
55	24	56	
44	47	28	
2	94	24	
20	39	200	
17	62	213	
61	5	36	
74	12	72	
55	41	111	
15	81	113	
21	25	61	
26	51	236	
2	71	219	
12	81	228	
34	12	46	
77	13	188	
75	6	263	
22	26	295	
70	27	283	
15	40	208	
41	56	293	
9	77	211	
53	6	114	
11	75	120	
38	26	20	
41	22	172	
14	32	250	
5	62	58	
21	54	246	
45	6	26	
58	30	81	
25	57	77	
48	13	15	
40	12	175	
35	51	256	
11	51	124	
1	92	188	
36	25	132	
62	15	140	
43	10	219	
41	48	29	
51	33	70	
19	76	24	
40	35	51	
63	30	122	
2	96	46	
10	49	142	
64	32	108	
16	66	190	
30	19	70	
66	6	136	
31	64	230	
1	73	285	
17	38	112	
84	7	23	
22	72	126	
67	23	12	
4	73	164	
42	42	141	
41	15	160	
28	55	92	
16	63	115	
31	40	278	
37	32	166	
73	7	71	
25	59	76	
7	52	98	
32	60	198	
1	91	205	
20	35	201	
32	50	132	
49	44	115	
11	85	41	
39	48	266	
51	25	296	
47	24	170	
6	42	144	
3	90	23	
14	48	156	
36	35	269	
43	35	197	
56	37	299	
61	20	151	
65	30	202	
64	27	81	
35	40	65	
39	59	262	
29	29	16	
79	18	196	
19	76	147	
25	38	77	
49	38	115	
68	16	237	
83	13	135	
37	15	26	
43	46	80	
44	30	60	
5	41	50	
59	22	31	
47	36	222	
85	12	175	
71	20	289	
16	50	196	
35	50	18	
17	30	6	
34	17	163	
13	81	101	
87	11	236	
37	19	60	
70	14	72	
34	53	57	
61	13	121	
80	12	186	
57	40	152	
1	78	28	
4	60	75	
9	62	123	
44	15	211	
37	33	120	
55	34	21	
12	77	158	
17	50	253	
9	45	73	
16	77	96	
66	11	147	
69	15	219	
41	10	153	
25	24	212	
10	46	266	
6	49	91	
22	47	93	
14	41	179	
1	73	108	
28	48	172	
9	63	51	
38	23	26	
15	48	286	
17	69	74	
40	50	244	
28	71	236	
54	20	115	
40	53	275	
44	49	213	
24	57	297	
36	57	46	
36	55	280	
6	54	236	
13	74	65	
53	19	154	
63	35	259	
18	52	266	
1	75	37	
17	42	168	
22	46	246	
12	82	94	
45	35	164	
26	44	146	
20	59	24	
6	62	43	
33	36	89	
10	41	246	
45	27	194	
18	66	31	
35	21	189	
19	47	90	
36	11	171	
68	30	118	
29	42	166	
12	45	290	
49	25	21	
33	63	90	
36	13	152	
58	35	262	
12	61	48	
45	7	189	
54	35	269	
72	19	25	
29	36	31	
45	42	59	
18	35	210	
45	50	273	
7	66	219	
45	38	296	
45	36	133	
26	43	62	
31	18	288	
54	31	108	
70	19	241	
48	51	51	
19	36	292	
22	23	115	
17	54	20	
49	25	103	
60	26	72	
36	55	35	
58	32	9	
80	12	207	
38	53	137	
28	17	39	
30	25	69	
31	27	163	
2	46	107	
31	68	77	
65	29	150	
61	38	285	
47	29	144	
38	10	137	
37	24	143	
34	63	130	
57	22	11	
8	49	300	
18	80	191	
15	71	206	
61	15	241	
55	32	276	
51	12	70	
23	28	261	
80	17	47	
10	64	37	
25	32	298	
66	22	52	
2	76	175	
12	69	234	
42	12	246	
53	46	244	
4	49	40	
1	95	195	
31	43	244	
80	14	168	
3	95	89	
16	57	6	
51	11	225	
18	42	101	
33	21	192	
59	38	234	
46	49	266	
2	96	159	
1	86	129	
11	73	70	
53	17	205	
61	24	213	
17	47	117	
37	32	16	
26	70	137	
52	20	17	
8	38	266	
45	36	10	
21	41	18	
42	47	70	
53	36	189	
32	42	1	
47	7	184	
40	27	108	
42	32	218	
39	11	183	
37	19	243	
52	40	166	
45	52	42	
14	35	295	
46	35	53	
62	23	7	
28	52	9	
39	21	50	
33	48	88	
40	40	23	
22	61	138	
78	11	233	
32	61	178	
39	8	209	
49	42	132	
25	62	208	
13	76	49	
36	46	207	
16	45	298	
35	63	68	
51	6	239	
25	38	298	
75	23	139	
2	76	86	
12	39	161	
73	9	236	
23	31	224	
87	6	232	
78	13	233	
5	52	65	
25	54	185	
58	12	116	
67	25	238	
88	6	28	
23	46	61	
63	9	147	
60	9	112	
58	28	132	
23	47	172	
77	8	22	
29	35	60	
21	27	148	
59	13	287	
4	90	72	
45	27	82	
48	21	54	
77	8	208	
11	62	47	
2	91	271	
61	10	17	
8	46	287	
20	66	9	
60	16	28	
14	81	84	
52	27	186	
26	25	242	
57	31	80	
14	78	86	
48	16	189	
37	59	205	
80	7	294	
68	25	300	
19	43	224	
21	53	213	
25	43	122	
42	53	4	
1	67	69	
69	8	113	
61	20	121	
15	45	168	
43	55	67	
45	44	32	
21	71	186	
85	12	156	
30	39	80	
19	75	162	
12	34	95	
1	83	265	
72	7	33	
18	40	178	
53	18	50	
65	10	212	
80	15	135	
49	26	187	
23	66	155	
10	83	287	
3	78	227	
32	35	32	
76	20	36	
21	69	92	
10	53	91	
4	84	42	
32	53	28	
10	69	206	
12	51	30	
45	37	272	
35	51	71	
38	42	284	
81	9	202	
43	33	92	
57	14	212	
9	88	59	
3	56	297	
33	15	261	
9	82	8	
36	56	74	
71	23	267	
23	42	232	
30	55	188	
49	28	109	
85	5	34	
32	31	9	
28	36	119	
4	49	201	
10	61	208	
3	91	156	
85	14	44	
5	51	109	
24	48	176	
45	20	216	
29	29	229	
6	57	185	
68	5	98	
39	57	65	
56	34	63	
28	26	128	
1	76	184	
49	17	45	
44	32	30	
2	73	42	
22	71	234	
25	60	60	
18	65	220	
8	48	294	
3	62	11	
46	9	32	
4	71	34	
14	67	169	
19	26	16	
18	34	274	
73	11	136	
35	52	211	
82	7	34	
56	17	1	
33	50	30	
2	89	213	
67	27	287	
42	14	140	
5	41	270	
55	20	27	
64	18	278	
19	64	139	
42	45	55	
63	35	279	
34	55	287	
87	8	86	
17	35	296	
24	28	258	
34	16	299	
58	8	187	
21	58	195	
13	54	101	
37	14	201	
32	64	297	
79	10	37	
16	35	259	
2	55	44	
53	23	239	
35	60	254	
61	27	75	
87	5	109	
59	27	143	
26	67	64	
46	37	261	
35	47	260	
56	5	127	
49	28	256	
17	77	54	
82	9	111	
15	79	40	
71	10	299	
7	57	182	
21	72	282	
20	26	292	
18	58	234	
31	21	135	
72	20	275	
32	46	132	
49	15	222	
42	7	28	
11	88	152	
52	20	259	
52	40	42	
54	41	95	
27	25	113	
7	54	236	
8	79	93	
81	15	114	
5	67	59	
9	85	227	
1	85	101	
65	24	206	
15	51	22	
8	74	57	
56	22	86	
6	88	277	
5	67	277	
8	68	2	
11	38	101	
1	75	80	
50	38	37	
27	57	203	
31	21	55	
53	7	265	
45	51	33	
15	71	130	
55	16	76	
64	28	32	
63	28	169	
16	39	146	
53	33	255	
25	35	73	
20	76	297	
42	26	94	
60	25	137	
93	6	157	
34	44	192	
14	81	137	
14	31	49	
76	10	284	
54	37	107	
33	21	295	
20	31	278	
41	51	173	
11	62	106	
8	61	156	
71	22	62	
7	87	141	
63	20	124	
49	38	231	
28	52	21	
15	68	153	
39	35	88	
4	81	19	
55	10	296	
63	34	264	
72	27	119	
40	21	75	
32	33	188	
12	69	71	
74	22	248	
1	64	181	
51	13	101	
45	20	237	
3	85	92	
41	14	262	
36	50	93	
2	51	208	
44	43	268	
15	69	283	
91	6	41	
21	29	253	
93	6	284	
60	39	65	
66	5	230	
21	55	35	
27	63	192	
51	37	151	
56	19	196	
32	32	204	
31	68	98	
42	19	241	
55	42	170	
90	8	85	
16	58	163	
69	21	261	
72	13	108	
55	36	192	
19	65	168	
48	17	195	
61	9	97	
10	50	284	
38	19	165	
55	42	208	
27	24	247	
55	31	115	
26	64	25	
45	52	136	
51	36	41	
48	32	97	
53	19	143	
31	36	247	
67	10	76	
24	73	122	
61	32	127	
42	33	218	
1	94	157	
42	37	24	
5	69	204	
47	16	139	
13	44	71	
48	17	78	
48	27	66	
19	73	98	
56	13	135	
73	21	299	
5	61	273	
53	22	7	
62	5	121	
22	39	206	
23	72	280	
50	23	14	
24	39	26	
15	69	104	
55	38	44	
81	6	6	
15	72	198	
10	37	136	
76	8	123	
6	50	234	
40	49	249	
1	54	188	
6	84	197	
37	40	4	
49	46	290	
82	11	155	
4	67	13	
31	68	112	
17	56	219	
37	33	236	
9	68	237	
46	17	168	
17	38	203	
21	32	93	
5	77	299	
48	36	250	
40	12	4	
80	11	221	
46	41	52	
58	13	204	
22	39	69	
52	40	4	
14	64	218	
45	42	18	
54	40	146	
51	29	136	
54	24	258	
74	18	164	
61	26	150	
72	25	244	
5	86	82	
45	44	168	
12	68	22	
42	33	214	
14	46	97	
66	14	100	
4	87	185	
11	56	205	
40	51	67	
9	75	282	
26	53	84	
72	25	232	
27	43	130	
5	82	61	
1	57	226	
54	7	129	
40	27	219	
35	27	269	
53	18	141	
4	62	285	
53	32	121	
54	45	281	
84	5	224	
69	25	60	
7	44	16	
61	6	42	
42	8	12	
82	12	155	
4	74	194	
16	67	7	
5	50	39	
51	48	166	
24	32	118	
52	43	213	
43	35	136	
22	53	34	
6	43	233	
33	55	289	
63	26	102	
15	53	248	
19	43	274	
19	41	75	
18	60	249	
43	44	91	
17	28	81	
20	78	269	
4	65	138	
15	31	104	
57	31	91	
71	13	15	
53	30	28	
19	69	183	
70	20	240	
16	79	255	
33	18	64	
11	42	259	
2	96	269	
8	44	178	
64	25	5	
32	50	280	
29	66	5	
16	71	20	
33	25	155	
37	61	195	
4	43	17	
72	10	33	
29	70	127	
17	66	27	
21	71	148	
8	49	287	
46	7	268	
47	8	278	
14	57	281	
44	32	196	
54	38	5	
64	35	178	
15	53	236	
33	56	227	
24	38	202	
18	33	18	
33	22	273	
2	77	288	
22	69	32	
46	42	132	
21	73	209	
23	66	228	
38	47	231	
37	44	253	
90	6	140	
21	61	270	
38	30	290	
39	17	53	
40	15	263	
42	29	97	
6	50	288	
52	43	280	
19	47	287	
40	10	161	
68	6	232	
38	54	72	
60	28	31	
58	39	61	
84	12	190	
56	25	278	
70	26	217	
11	66	155	
49	39	102	
42	12	200	
20	69	33	
4	63	118	
15	54	75	
34	63	295	
12	85	222	
63	14	95	
38	16	235	
20	64	207	
52	18	100	
73	9	34	
17	38	2	
41	40	45	
80	19	63	
2	80	138	
33	25	79	
1	54	219	
14	48	206	
6	91	201	
1	80	223	
46	14	155	
46	18	36	
37	8	154	
47	51	256	
76	7	241	
42	48	80	
29	35	13	
50	45	149	
52	41	198	
32	44	88	
46	21	185	
32	23	297	
4	95	187	
37	61	111	
1	50	219	
6	76	146	
61	36	8	
18	33	142	
60	27	44	
40	44	248	
54	44	182	
17	66	48	
26	56	119	
21	43	96	
53	26	286	
33	51	261	
37	54	97	
19	78	96	
24	26	122	
7	53	15	
53	17	181	
5	52	32	
3	49	60	
45	54	138	
52	34	35	
66	14	269	
61	23	297	
33	46	155	
60	24	75	
59	30	193	
18	31	195	
24	74	238	
18	58	261	
3	94	12	
37	59	225	
17	40	94	
64	11	295	
68	28	211	
40	43	171	
13	57	179	
15	36	109	
37	56	300	
49	43	87	
34	33	264	
60	9	24	
84	12	225	
68	31	186	
40	13	102	
14	51	115	
17	67	224	
30	39	197	
15	47	146	
21	47	186	
18	79	227	
25	65	1	
27	60	62	
76	13	71	
36	29	227	
13	32	171	
39	44	174	
31	32	128	
9	85	141	
4	72	250	
48	38	20	
81	16	93	
37	52	201	
5	94	132	
5	70	180	
87	11	253	
31	38	264	
80	12	48	
5	83	14	
57	17	198	
5	76	5	
54	42	240	
4	86	2	
10	53	194	
13	70	86	
12	43	179	
50	17	135	
32	50	233	
13	84	197	
32	60	145	
20	64	286	
62	13	10	
12	65	78	
20	45	42	
7	63	139	
12	64	109	
55	43	123	
41	30	88	
84	11	132	
16	50	198	
53	29	157	
61	23	108	
64	17	161	
37	18	186	
12	48	296	
35	40	160	
72	18	227	
32	25	228	
18	77	274	
56	18	115	
39	13	99	
2	45	105	
54	30	29	
3	81	195	
31	63	85	
80	5	38	
36	57	148	
57	22	214	
22	32	213	
34	18	285	
11	34	245	
26	19	205	
12	33	283	
13	84	9	
53	36	297	
7	73	49	
15	52	159	
33	54	267	
61	38	198	
22	71	21	
26	63	272	
56	40	95	
48	11	248	
41	14	248	
47	48	231	
5	57	160	
33	30	221	
54	42	48	
3	53	175	
30	22	290	
25	50	4	
49	15	36	
10	65	47	
48	19	168	
9	84	149	
39	31	14	
40	20	40	
52	39	179	
2	51	264	
26	39	57	
31	60	197	
26	45	70	
65	26	117	
5	88	181	
11	38	23	
38	9	275	
66	24	181	
46	39	257	
33	47	195	
42	52	87	
45	16	23	
29	62	159	
3	65	158	
7	66	212	
19	36	150	
14	85	266	
69	14	201	
60	29	266	
74	24	300	
44	15	202	
8	59	64	
3	95	105	
12	56	280	
62	37	229	
6	92	53	
19	55	290	
35	19	230	
67	23	28	
40	57	33	
37	26	208	
15	35	103	
28	29	55	
40	52	88	
1	64	103	
55	8	249	
58	26	34	
2	75	279	
58	7	58	
24	49	146	
3	86	30	
35	52	279	
16	73	162	
55	26	218	
76	12	143	
78	17	237	
53	33	213	
11	55	286	
40	33	35	
8	88	136	
9	65	26	
37	27	206	
37	33	206	
11	79	181	
7	80	93	
20	74	105	
1	67	108	
18	59	19	
34	48	132	
7	80	298	
44	14	61	
11	39	123	
35	63	73	
57	35	243	
51	45	164	
47	17	254	
62	28	20	
19	52	13	
34	43	26	
52	8	106	
51	42	271	
15	53	180	
45	53	171	
18	60	114	
30	23	95	
24	70	234	
2	75	154	
38	25	106	
40	41	179	
5	75	282	
38	33	146	
13	49	108	
7	57	226	
22	46	110	
41	51	15	
63	14	91	
27	30	185	
61	37	8	
5	57	231	
45	51	101	
64	11	101	
24	30	259	
21	38	127	
42	18	230	
21	28	247	
51	6	146	
20	50	257	
3	93	253	
42	16	267	
16	63	15	
4	47	193	
25	48	94	
79	8	108	
39	26	281	
3	68	275	
30	52	268	
91	6	43	
9	49	188	
55	18	246	
53	26	90	
65	21	11	
29	30	71	
7	75	83	
25	56	128	
86	5	203	
50	6	21	
5	48	85	
11	47	223	
10	52	275	
27	39	123	
11	71	1	
34	14	207	
57	31	81	
55	13	137	
59	40	284	
3	76	140	
17	45	109	
61	22	82	
29	41	29	
75	14	92	
23	42	202	
22	33	248	
58	6	276	
42	53	158	
25	52	237	
58	7	204	
45	26	221	
3	72	274	
74	11	196	
48	18	68	
17	71	28	
28	31	131	
48	11	142	
11	70	185	
63	8	260	
45	41	197	
6	51	71	
18	32	89	
22	27	36	
27	23	216	
25	66	74	
74	23	3	
42	28	262	
7	67	115	
24	30	174	
39	30	269	
30	50	8	
32	66	2	
54	31	279	
17	60	147	
33	15	75	
28	36	83	
12	39	169	
80	8	186	
19	78	210	
7	64	231	
47	27	149	
64	16	120	
36	27	148	
64	27	197	
11	60	254	
6	57	138	
75	8	241	
31	55	86	
58	12	160	
76	21	170	
29	44	104	
67	17	295	
50	20	14	
38	22	8	
7	38	98	
53	6	4	
20	54	2	
3	54	110	
21	75	235	
31	35	83	
60	33	290	
61	26	271	
1	59	138	
36	31	284	
29	68	239	
57	32	52	
37	14	1	
57	16	81	
32	29	76	
62	16	218	
27	58	167	
17	56	195	
4	65	84	
9	87	120	
76	9	107	
50	40	129	
11	52	38	
29	18	126	
68	29	106	
31	38	66	
47	28	287	
46	15	173	
63	36	130	
6	64	196	
27	38	256	
53	25	63	
53	29	146	
86	13	35	
2	69	22	
22	70	158	
6	55	193	
79	5	250	
59	8	201	
47	20	212	
62	11	53	
27	59	160	
80	10	151	
29	35	24	
7	47	154	
76	20	286	
20	29	103	
14	81	104	
29	62	173	
38	57	170	
83	13	146	
18	37	46	
87	11	281	
54	30	117	
54	27	194	
72	14	33	
40	23	258	
65	8	40	
55	40	240	
26	31	242	
8	67	287	
78	12	41	
66	25	252	
25	71	215	
55	35	125	
55	33	242	
21	57	223	
16	77	149	
25	31	263	
32	59	58	
44	50	165	
16	76	249	
37	14	82	
39	26	240	
64	16	54	
15	69	74	
40	19	288	
62	26	191	
6	63	231	
47	49	254	
12	45	29	
49	11	269	
50	22	162	
77	10	227	
80	12	122	
35	41	86	
19	51	59	
1	68	34	
11	62	205	
52	35	260	
16	79	6	
2	89	119	
26	39	78	
21	32	226	
3	47	70	
36	18	73	
10	78	179	
71	26	154	
30	22	207	
17	82	153	
36	32	282	
43	5	55	
19	74	27	
11	37	186	
33	46	198	
24	52	194	
1	62	151	
66	12	148	
28	31	90	
36	28	91	
57	37	112	
47	43	112	
36	51	18	
61	10	154	
23	71	88	
67	27	285	
62	37	9	
22	67	134	
27	47	231	
36	49	206	
46	34	185	
42	37	204	
42	13	295	
10	44	259	
44	32	24	
45	46	38	
61	25	234	
64	32	116	
13	75	250	
3	79	133	
2	57	200	
27	19	84	
27	50	68	
17	40	97	
47	44	144	
81	6	196	
70	24	100	
64	24	59	
8	47	21	
8	90	143	
82	8	163	
49	6	188	
3	48	286	
12	47	134	
49	37	162	
5	48	107	
52	8	178	
40	39	152	
78	21	115	
14	77	99	
49	5	110	
53	11	227	
55	39	178	
18	27	251	
40	41	92	
43	11	263	
72	13	176	
57	10	129	
17	59	50	
79	13	223	
5	77	61	
20	39	275	
26	51	89	
27	72	189	
68	22	48	
9	80	183	
44	17	96	
39	36	146	
19	57	71	
20	57	94	
29	57	87	
43	15	77	
31	21	62	
21	74	236	
4	69	287	
32	41	288	
81	17	156	
19	60	28	
56	34	250	
69	17	196	
55	35	37	
36	60	113	
16	45	1	
29	28	66	
38	46	173	
64	35	297	
30	18	78	
8	63	261	
51	25	38	
82	5	147	
10	73	203	
52	40	193	
1	92	273	
45	46	243	
32	17	62	
22	45	76	
6	73	233	
35	28	242	
13	65	140	
52	18	233	
86	8	250	
45	39	90	
68	15	81	
25	27	14	
5	48	10	
21	54	281	
20	76	42	
39	51	106	
77	21	167	
27	30	197	
24	69	215	
1	49	229	
30	66	228	
41	26	214	
33	54	230	
16	46	93	
5	48	42	
37	28	66	
12	67	85	
48	18	92	
2	79	236	
11	55	191	
80	13	276	
39	34	227	
39	9	31	
62	27	283	
35	10	289	
3	72	41	
56	23	288	
81	14	287	
58	16	244	
28	57	139	
49	20	257	
19	48	168	
59	5	182	
10	76	135	
62	15	27	
87	7	265	
73	17	263	
62	32	124	
6	69	78	
47	33	287	
53	12	146	
19	78	167	
51	32	166	
50	46	59	
93	6	201	
59	17	209	
31	68	225	
37	34	122	
9	56	171	
31	37	167	
28	27	141	
27	63	55	
52	36	266	
23	40	182	
50	32	164	
29	40	171	
37	18	204	
58	24	70	
53	29	274	
2	97	193	
66	15	297	
5	74	173	
20	62	279	
14	50	249	
34	25	135	
15	30	87	
69	12	197	
2	74	72	
36	44	197	
24	68	196	
49	22	140	
71	6	60	
4	91	187	
8	51	172	
83	14	236	
39	36	178	
71	23	97	
5	84	62	
25	21	2	
42	56	250	
35	39	293	
23	41	174	
1	84	171	
17	67	230	
35	41	49	
34	35	135	
59	11	206	
15	47	99	
44	27	211	
62	15	20	
33	34	163	
24	64	116	
59	35	112	
73	21	245	
44	22	36	
5	75	246	
45	35	105	
62	23	60	
48	42	132	
57	29	245	
19	37	76	
14	54	185	
10	55	28	
47	15	129	
46	37	171	
42	31	110	
6	90	42	
14	41	17	
50	46	131	
44	26	4	
19	68	276	
63	29	11	
13	61	55	
51	29	6	
41	33	264	
42	54	135	
22	75	266	
54	35	191	
46	13	134	
48	23	163	
4	67	236	
13	47	229	
10	37	259	
52	35	132	
7	50	146	
5	94	194	
73	10	105	
48	27	246	
2	43	169	
14	73	145	
37	49	243	
42	7	20	
4	88	286	
1	52	60	
64	21	119	
20	56	180	
81	8	5	
43	37	50	
58	6	48	
51	37	180	
43	32	185	
25	58	204	
35	14	43	
51	26	35	
2	59	235	
6	78	242	
29	28	231	
47	6	38	
35	22	229	
34	13	172	
31	50	237	
81	15	44	
19	51	29	
40	55	112	
31	51	26	
71	7	74	
24	75	224	
5	92	173	
28	35	253	
49	44	86	
55	5	271	
55	7	300	
28	65	190	
9	77	233	
18	60	168	
73	16	38	
81	8	287	
7	53	37	
41	11	100	
47	14	257	
83	13	193	
11	82	251	
28	70	210	
60	25	57	
4	58	151	
41	30	63	
62	31	137	
10	35	14	
42	52	36	
14	62	289	
30	16	151	
39	13	115	
54	20	198	
57	25	3	
19	54	175	
57	42	216	
38	46	46	
37	27	90	
61	31	285	
39	17	128	
66	15	182	
60	39	258	
27	22	196	
45	49	239	
11	37	224	
47	48	15	
50	23	35	
60	14	184	
32	51	261	
16	70	48	
64	6	72	
7	83	182	
60	26	42	
33	30	117	
11	81	71	
52	21	106	
68	7	262	
13	53	98	
58	12	247	
11	83	232	
45	18	270	
9	74	291	
7	38	196	
17	44	97	
51	37	298	
36	32	220	
5	77	254	
36	17	103	
34	25	256	
2	76	200	
71	24	118	
76	22	15	
42	37	46	
24	60	70	
37	59	7	
16	62	277	
87	12	40	
62	28	29	
55	20	285	
22	40	121	
22	69	51	
33	45	109	
15	77	183	
17	65	212	
27	49	191	
40	56	195	
29	30	179	
87	6	198	
89	6	200	
19	50	81	
20	48	250	
85	6	240	
14	76	149	
2	71	215	
59	19	194	
60	17	248	
17	45	102	
26	25	215	
23	30	162	
53	45	288	
9	49	256	
80	9	94	
81	11	235	
12	79	154	
33	66	33	
42	54	127	
53	31	232	
36	47	200	
23	73	217	
16	55	257	
30	67	3	
22	40	150	
24	75	208	
6	47	75	
67	8	152	
23	69	22	
31	34	213	
56	40	262	
29	47	19	
10	35	41	
80	8	174	
14	56	102	
15	52	114	
86	7	199	
8	82	198	
31	33	248	
35	62	167	
14	74	106	
29	23	260	
46	17	230	
8	60	183	
60	6	233	
34	28	188	
55	26	52	
11	65	107	
11	35	212	
73	9	241	
6	67	3	
30	69	228	
29	45	157	
4	71	282	
45	42	127	
70	21	211	
47	32	195	
35	32	76	
29	69	122	
6	51	103	
61	35	293	
28	28	70	
7	56	295	
53	22	143	
15	37	299	
12	47	276	
15	83	156	
57	29	61	
71	8	208	
72	22	253	
40	59	221	
6	93	148	
60	14	49	
3	61	42	
41	35	75	
13	35	21	
7	81	15	
6	52	160	
17	60	90	
38	36	229	
2	95	146	
16	43	163	
81	14	231	
52	26	54	
23	73	234	
67	20	294	
16	32	164	
7	83	275	
6	56	264	
49	11	291	
18	51	257	
46	6	82	
70	16	71	
11	58	200	
8	87	189	
51	35	111	
67	14	263	
38	20	199	
10	54	121	
46	35	216	
42	15	272	
2	84	184	
62	7	176	
64	33	130	
62	28	268	
58	11	55	
70	9	72	
48	51	48	
13	55	172	
38	53	57	
63	18	259	
64	21	123	
36	25	291	
3	87	159	
14	59	127	
18	50	153	
13	62	190	
23	74	277	
26	37	14	
19	64	94	
21	53	55	
34	13	286	
50	45	242	
61	8	236	
28	41	273	
66	33	104	
39	35	64	
35	30	99	
65	11	221	
62	25	256	
52	9	155	
29	45	179	
40	46	129	
16	45	244	
73	11	21	
75	17	268	
74	22	272	
81	17	279	
63	18	51	
44	27	275	
19	77	96	
32	36	33	
78	13	212	
63	16	38	
55	13	58	
13	62	216	
4	64	256	
2	55	34	
48	16	272	
71	8	253	
32	18	260	
36	49	21	
22	30	248	
17	58	177	
42	43	4	
39	18	181	
10	65	95	
16	79	272	
59	22	84	
44	34	270	
40	5	248	
34	13	241	
51	36	288	
49	17	72	
77	10	68	
5	88	260	
55	18	129	
11	88	286	
57	25	41	
54	20	11	
20	59	16	
80	13	234	
13	55	40	
42	24	253	
56	33	269	
22	71	45	
73	9	131	
35	40	273	
14	85	148	
30	26	97	
62	10	50	
25	39	4	
7	62	13	
7	90	85	
19	42	76	
59	35	275	
47	49	278	
19	55	55	
13	77	83	
12	46	54	
14	82	187	
14	51	108	
5	72	297	
15	73	280	
39	13	270	
28	61	46	
35	20	94	
33	58	200	
6	82	161	
9	42	165	
54	45	186	
70	22	92	
39	19	59	
35	44	239	
7	74	195	
3	80	194	
43	28	87	
54	6	216	
23	38	63	
36	22	12	
49	27	7	
22	34	225	
22	23	222	
15	77	267	
35	41	115	
57	22	45	
52	28	41	
87	7	16	
10	82	3	
48	31	216	
75	24	90	
16	58	131	
41	20	287	
69	29	8	
46	28	42	
76	23	76	
17	69	184	
67	13	118	
57	6	184	
10	38	166	
13	42	289	
9	49	150	
68	24	126	
12	68	27	
10	65	229	
60	17	238	
55	27	242	
54	10	88	
29	47	81	
61	19	238	
46	45	120	
12	50	290	
3	87	68	
3	48	35	
65	5	163	
16	65	196	
4	65	128	
66	29	122	
19	65	61	
21	66	272	
51	11	144	
64	26	95	
26	72	239	
5	64	224	
30	60	111	
16	61	228	
10	83	97	
37	19	138	
45	45	129	
78	9	127	
46	20	169	
2	94	163	
80	13	193	
1	52	35	
28	45	293	
22	31	203	
28	17	272	
14	67	299	
11	50	48	
20	25	214	
9	88	148	
4	87	198	
43	46	197	
12	66	268	
19	73	242	
68	30	272	
19	56	190	
45	10	252	
31	22	119	
21	74	244	
23	28	136	
67	26	160	
3	43	32	
20	36	71	
1	91	263	
66	33	49	
32	36	255	
69	24	108	
28	28	42	
26	55	179	
38	58	128	
58	40	27	
13	70	285	
3	67	88	
76	8	71	
68	10	203	
24	49	286	
61	11	209	
7	67	76	
68	19	227	
35	37	35	
60	14	60	
81	5	288	
43	17	197	
30	49	103	
10	58	28	
20	56	293	
59	40	178	
73	7	173	
44	52	25	
70	12	145	
44	45	166	
71	26	293	
39	44	217	
25	53	247	
1	76	216	
18	81	118	
10	61	74	
42	9	20	
5	81	277	
58	33	278	
4	93	92	
59	14	30	
56	9	6	
3	45	245	
26	59	93	
40	15	29	
14	49	172	
57	6	185	
42	13	54	
49	33	59	
41	25	26	
41	44	121	
84	13	119	
29	43	196	
50	14	237	
80	16	111	
53	14	183	
14	66	273	
21	31	255	
15	41	292	
58	12	45	
2	82	258	
14	31	63	
37	42	192	
66	20	37	
38	20	164	
60	34	44	
13	54	250	
19	42	21	
27	23	75	
71	24	134	
59	39	228	
65	9	240	
16	83	121	
8	73	47	
26	31	256	
55	22	198	
67	7	291	
61	15	31	
81	15	7	
57	19	130	
51	43	214	
28	53	196	
17	56	126	
39	6	218	
32	64	173	
48	49	244	
18	77	152	
69	6	76	
30	33	104	
62	12	71	
16	58	134	
11	67	122	
40	37	206	
2	97	231	
47	49	129	
10	52	52	
80	15	293	
62	27	264	
37	46	122	
42	49	240	
60	29	20	
17	56	296	
64	27	288	
33	18	98	
24	65	146	
74	21	65	
44	43	47	
66	9	165	
13	44	37	
52	43	141	
26	31	166	
82	9	272	
56	12	31	
19	48	143	
15	72	123	
61	10	183	
67	5	90	
63	27	277	
17	33	94	
54	13	242	
43	30	198	
47	40	269	
26	47	185	
57	32	283	
43	21	53	
50	41	113	
81	14	83	
31	49	149	
22	72	157	
79	18	276	
41	12	50	
83	15	180	
34	24	96	
58	28	252	
18	66	189	
4	77	161	
27	60	66	
8	75	93	
60	37	282	
13	38	115	
51	26	237	
41	41	290	
1	95	50	
34	24	151	
18	47	187	
4	60	14	
1	75	74	
50	32	71	
61	7	262	
61	31	217	
32	61	211	
27	55	144	
33	44	94	
27	55	266	
33	29	42	
11	50	139	
49	11	75	
12	40	258	
23	30	212	
61	15	97	
23	61	6	
33	38	103	
37	35	202	
72	24	238	
80	7	117	
34	26	70	
48	35	244	
12	46	93	
57	18	3	
15	64	131	
76	13	145	
30	66	124	
2	69	3	
29	44	190	
48	36	43	
58	27	139	
69	21	189	
23	75	149	
49	34	214	
52	36	261	
16	76	238	
69	8	19	
10	40	296	
40	37	219	
11	84	48	
59	22	262	
40	27	82	
43	41	157	
69	19	143	
74	7	61	
70	26	298	
11	72	74	
35	52	49	
69	22	54	
13	32	35	
63	6	106	
45	25	177	
29	39	54	
58	35	285	
72	24	260	
36	50	49	
66	14	277	
33	51	66	
26	45	55	
1	95	197	
8	64	205	
56	13	169	
3	48	2	
28	54	180	
22	77	133	
54	42	112	
32	53	282	
6	92	241	
76	23	275	
32	53	229	
75	9	72	
65	32	151	
49	14	133	
19	44	294	
38	42	57	
43	41	192	
7	54	294	
46	29	3	
30	30	79	
45	38	9	
77	15	193	
18	80	260	
18	31	283	
1	58	183	
2	88	111	
50	16	280	
6	81	22	
29	52	5	
58	6	133	
21	65	266	
10	80	35	
8	68	291	
11	38	110	
51	17	201	
19	79	193	
50	16	94	
86	5	109	
44	8	73	
23	23	196	
32	62	74	
35	17	263	
31	63	75	
45	52	152	
38	13	51	
7	49	219	
24	54	158	
19	50	141	
35	24	25	
42	14	22	
2	63	104	
11	56	192	
9	58	62	
79	9	296	
30	30	224	
28	30	184	
50	19	12	
8	56	214	
57	27	128	
65	32	23	
86	12	210	
43	40	246	
38	8	77	
34	53	12	
58	19	293	
81	12	66	
5	78	215	
86	11	247	
8	90	244	
16	59	41	
47	40	127	
48	11	108	
2	59	155	
34	56	164	
20	45	93	
11	57	115	
36	27	185	
72	20	21	
28	60	190	
72	22	77	
49	33	205	
23	56	139	
17	44	216	
72	11	67	
33	61	60	
50	30	259	
36	20	31	
12	63	92	
14	62	102	
75	7	96	
59	11	203	
21	26	186	
36	19	43	
19	47	204	
58	30	84	
16	58	87	
9	77	78	
17	47	187	
41	35	121	
2	64	238	
3	81	278	
2	43	202	
20	54	258	
25	59	211	
27	49	28	
3	69	5	
44	48	254	
83	9	221	
47	6	52	
29	28	186	
29	38	123	
11	80	217	
17	72	190	
13	68	108	
88	11	194	
1	76	210	
3	45	14	
4	48	267	
73	10	259	
53	13	40	
11	48	118	
59	15	189	
30	31	171	
14	72	220	
3	74	60	
83	9	209	
50	49	107	
23	32	105	
29	48	142	
82	11	192	
43	51	201	
15	74	138	
32	14	274	
66	33	89	
47	31	15	
27	60	20	
8	87	11	
52	7	259	
51	35	42	
60	27	182	
49	28	251	
43	12	21	
59	35	183	
33	22	79	
5	58	264	
46	52	112	
5	91	297	
32	17	159	
21	49	74	
70	5	173	
46	14	264	
76	13	152	
4	95	175	
14	57	183	
5	46	286	
16	46	14	
8	86	58	
48	32	20	
37	9	198	
6	74	295	
16	60	236	
53	11	184	
70	21	36	
46	28	70	
85	7	196	
2	93	12	
3	49	263	
40	18	288	
61	29	255	
67	18	89	
69	11	2	
7	59	298	
40	25	171	
36	17	231	
10	58	199	
61	10	270	
33	50	79	
68	18	280	
73	6	295	
22	46	262	
51	35	273	
46	11	285	
85	6	283	
39	24	34	
46	6	11	
17	39	258	
47	38	236	
48	50	247	
52	11	166	
61	27	55	
46	49	256	
45	19	136	
43	28	199	
33	26	222	
27	72	278	
26	28	14	
66	15	90	
26	34	246	
47	31	278	
72	5	162	
11	38	246	
48	12	282	
19	64	225	
72	19	279	
39	24	2	
58	35	160	
34	34	147	
64	16	176	
31	17	13	
53	33	31	
8	82	79	
44	28	134	
35	14	289	
53	22	286	
13	44	160	
52	44	288	
60	5	272	
44	28	291	
18	72	47	
14	60	268	
65	9	124	
83	12	113	
27	40	88	
23	36	32	
21	66	29	
18	64	71	
54	20	11	
12	58	164	
11	84	276	
32	63	131	
21	51	260	
75	6	234	
27	25	173	
32	19	256	
42	6	138	
41	21	145	
84	15	16	
14	82	118	
54	15	24	
41	12	245	
22	32	280	
38	53	257	
2	82	292	
74	11	70	
68	20	229	
53	38	229	
7	65	111	
30	56	40	
7	84	234	
32	24	151	
29	59	262	
8	75	67	
16	67	110	
69	23	136	
6	74	263	
48	7	31	
30	15	11	
49	20	80	
42	11	43	
78	10	265	
7	40	57	
2	72	34	
67	17	144	
83	13	82	
39	24	10	
54	29	124	
48	49	162	
13	59	139	
25	33	129	
54	18	180	
33	23	185	
37	21	261	
72	21	208	
41	10	239	
31	17	182	
50	48	36	
21	53	82	
32	57	52	
3	69	223	
57	11	247	
11	62	272	
80	10	182	
55	19	86	
55	19	119	
28	35	260	
7	79	25	
8	75	162	
55	33	172	
49	25	109	
32	56	230	
71	28	110	
23	50	275	
21	61	69	
60	34	248	
46	20	276	
50	36	59	
56	11	125	
38	61	98	
41	56	24	
35	53	26	
49	18	210	
11	73	119	
52	23	297	
40	22	50	
53	43	240	
16	52	71	
62	29	233	
77	14	181	
32	14	252	
24	22	57	
65	19	214	
4	65	257	
53	16	27	
51	47	55	
27	24	199	
45	12	74	
53	27	138	
51	8	49	
44	37	258	
40	55	75	
63	18	200	
34	58	266	
10	84	280	
81	11	131	
55	8	86	
83	9	268	
20	67	91	
11	63	130	
24	61	283	
22	46	64	
19	62	260	
43	44	3	
61	34	32	
56	29	87	
5	57	175	
65	11	66	
30	65	300	
16	82	77	
22	43	203	
6	78	252	
84	11	279	
79	10	57	
16	69	276	
13	71	221	
54	17	26	
50	22	85	
40	6	121	
66	31	285	
28	23	257	
22	24	32	
1	75	24	
19	42	276	
26	29	72	
42	18	171	
42	13	174	
15	54	61	
6	83	92	
57	14	64	
54	23	29	
58	36	27	
73	9	229	
10	78	157	
10	73	169	
71	5	180	
64	16	249	
20	35	80	
33	16	145	
41	8	201	
40	7	111	
66	14	116	
34	54	46	
10	48	242	
12	38	196	
21	59	117	
70	28	116	
44	23	27	
47	51	25	
56	25	72	
34	32	151	
4	52	244	
43	32	211	
41	37	228	
53	32	22	
34	46	221	
57	35	217	
32	39	97	
1	97	245	
37	44	74	
19	63	293	
41	38	287	
30	50	38	
49	39	241	
23	22	67	
57	30	38	
12	55	255	
54	45	135	
8	44	7	
30	25	16	
68	20	46	
5	76	244	
62	23	199	
90	6	141	
56	19	277	
70	22	250	
41	15	189	
15	68	18	
71	19	11	
68	21	153	
48	50	174	
60	24	193	
58	29	159	
10	65	22	
23	52	272	
3	67	19	
62	6	224	
57	18	111	
2	76	39	
26	67	258	
6	47	77	
1	83	55	
15	54	125	
53	39	246	
51	21	129	
3	94	278	
16	61	65	
72	24	57	
10	56	146	
13	51	119	
64	35	139	
27	40	213	
39	14	200	
83	5	44	
38	34	288	
7	85	150	
9	61	58	
75	18	149	
28	59	117	
25	23	243	
10	48	3	
8	80	79	
2	74	168	
61	33	275	
27	44	103	
60	36	142	
22	57	291	
37	26	257	
35	45	126	
18	65	5	
32	58	40	
14	45	146	
14	60	135	
8	51	120	
16	77	104	
70	8	25	
42	17	168	
35	48	286	
3	91	17	
45	26	223	
74	24	17	
57	35	51	
10	71	291	
11	65	103	
71	15	91	
21	75	123	
72	10	120	
34	25	277	
18	68	231	
24	37	139	
59	26	268	
13	55	176	
54	34	137	
13	80	128	
46	11	281	
79	18	44	
8	53	293	
2	78	215	
58	8	298	
10	36	75	
72	7	90	
81	5	109	
71	26	55	
42	29	115	
30	48	190	
54	19	203	
40	29	209	
22	41	4	
20	66	258	
15	34	203	
47	40	113	
48	35	241	
50	49	99	
27	42	269	
29	63	127	
79	14	42	
53	5	146	
18	52	24	
12	81	77	
19	62	152	
41	26	268	
7	73	84	
54	23	75	
9	36	109	
59	29	4	
81	12	123	
30	64	164	
16	63	55	
64	31	268	
30	28	211	
82	8	181	
76	19	22	
9	76	213	
68	17	51	
13	44	155	
12	63	178	
25	51	195	
43	45	232	
82	12	269	
27	65	137	
41	26	32	
22	71	73	
51	43	192	
64	24	293	
8	38	293	
59	9	67	
10	55	15	
18	44	19	
3	85	190	
48	22	186	
50	14	77	
44	14	139	
2	80	157	
50	37	243	
71	26	194	
57	30	106	
76	18	193	
9	70	185	
13	63	216	
14	78	75	
57	13	10	
52	42	258	
54	39	13	
34	15	151	
51	6	64	
54	38	232	
11	34	250	
29	36	149	
41	29	57	
41	14	164	
21	24	31	
36	29	16	
48	33	141	
55	42	232	
27	34	175	
61	9	167	
31	66	210	
63	33	225	
17	73	253	
25	67	74	
58	27	114	
27	22	21	
43	35	133	
64	24	258	
49	39	230	
83	10	298	
41	56	73	
39	21	100	
13	59	18	
19	79	17	
45	45	221	
14	47	293	
34	48	113	
33	21	295	
75	19	32	
3	66	16	
74	16	211	
12	39	50	
32	41	42	
25	28	82	
38	12	2	
29	50	137	
29	59	132	
10	40	276	
2	59	88	
29	41	206	
31	38	70	
26	52	104	
61	9	20	
39	56	50	
23	28	98	
64	23	251	
7	75	149	
2	76	213	
51	27	15	
17	68	6	
37	19	40	
82	12	259	
5	79	239	
44	47	10	
21	59	80	
55	19	97	
47	51	162	
16	50	163	
17	69	274	
35	52	219	
38	48	89	
10	82	239	
47	18	150	
37	25	112	
57	36	163	
35	20	159	
30	60	40	
31	56	290	
15	45	89	
49	17	249	
31	39	173	
65	7	179	
21	48	124	
75	21	135	
30	59	149	
23	75	183	
16	53	93	
21	59	195	
46	19	273	
35	27	19	
18	56	35	
6	78	212	
28	38	73	
10	39	26	
54	38	255	
5	94	243	
14	79	56	
15	33	264	
33	63	186	
38	9	66	
41	16	201	
16	38	35	
48	21	131	
37	8	136	
60	30	147	
13	52	127	
25	62	6	
40	27	63	
12	38	75	
49	49	95	
28	47	27	
25	42	271	
21	40	71	
41	29	194	
23	26	130	
62	8	187	
88	9	156	
26	43	198	
63	11	17	
40	15	58	
20	66	38	
19	47	120	
27	68	13	
46	27	295	
4	55	91	
3	84	139	
43	55	24	
51	20	245	
61	13	220	
47	40	185	
1	66	126	
27	43	72	
38	18	198	
67	21	70	
37	39	195	
40	46	279	
84	10	210	
41	52	274	
21	24	9	
55	15	273	
55	41	10	
48	21	53	
5	90	164	
22	45	300	
37	62	21	
69	16	175	
22	58	125	
56	36	167	
46	35	12	
45	29	59	
18	38	173	
3	42	105	
69	12	159	
42	14	60	
39	33	171	
2	46	124	
23	53	208	
27	49	192	
35	55	134	
77	9	180	
19	61	134	
45	53	258	
3	42	203	
14	82	24	
5	85	93	
58	12	274	
49	37	129	
24	57	91	
22	34	250	
12	76	294	
19	33	244	
49	37	37	
59	35	159	
81	9	166	
33	20	247	
9	72	126	
44	15	91	
47	44	297	
77	22	31	
71	9	183	
11	34	247	
28	69	113	
44	23	99	
29	57	96	
14	64	21	
13	63	4	
64	13	142	
31	59	63	
62	36	255	
35	37	265	
22	67	116	
22	48	70	
42	40	160	
35	59	34	
46	46	237	
69	20	184	
36	45	12	
38	54	227	
38	36	105	
16	72	112	
71	12	35	
16	55	146	
32	28	146	
55	22	158	
20	74	131	
29	47	128	
7	90	86	
90	5	110	
31	42	135	
24	69	12	
47	49	194	
24	69	26	
23	53	100	
43	10	210	
28	35	261	
29	21	220	
28	18	11	
28	17	22	
11	86	72	
26	22	243	
57	37	58	
36	13	92	
6	42	88	
1	93	34	
16	50	155	
64	18	143	
41	52	76	
17	44	286	
19	45	202	
36	39	2	
31	51	208	
94	5	56	
16	52	136	
15	80	115	
41	10	21	
77	18	228	
75	16	60	
74	5	57	
47	7	253	
81	11	121	
50	23	197	
43	8	89	
52	35	11	
4	53	133	
53	35	179	
14	65	137	
70	28	205	
19	67	195	
4	88	246	
43	20	134	
21	27	115	
36	47	169	
10	69	63	
20	74	57	
57	18	282	
74	5	217	
50	39	201	
17	63	122	
58	36	290	
35	29	273	
6	73	166	
26	47	95	
39	11	224	
16	72	236	
53	30	189	
66	5	72	
31	65	295	
16	34	74	
16	74	282	
50	35	168	
19	71	108	
47	8	248	
15	84	58	
36	22	63	
44	37	146	
5	48	204	
18	45	236	
73	10	183	
2	54	85	
36	20	122	
37	31	143	
32	18	239	
25	26	32	
17	72	97	
37	15	87	
9	57	32	
65	16	204	
64	35	262	
21	29	54	
24	63	123	
25	26	102	
58	41	172	
35	39	222	
42	12	51	
52	12	81	
17	59	186	
5	65	84	
68	25	78	
40	57	84	
58	38	27	
20	43	88	
9	48	161	
52	42	72	
54	29	7	
14	63	44	
8	43	69	
44	25	73	
54	44	3	
7	81	166	
42	24	179	
35	58	218	
41	46	193	
3	61	6	
20	54	103	
66	18	226	
11	54	37	
27	69	100	
21	74	68	
19	29	112	
24	56	267	
49	28	256	
40	22	202	
72	22	225	
48	37	5	
7	58	159	
9	37	96	
66	8	207	
39	38	278	
5	43	35	
49	6	163	
69	20	124	
35	26	94	
57	35	61	
56	38	149	
49	18	66	
39	34	218	
44	53	94	
16	38	138	
84	13	239	
51	19	77	
70	24	34	
4	82	121	
29	48	286	
43	46	86	
57	14	238	
6	48	54	
30	17	280	
53	40	237	
58	32	251	
64	10	54	
29	17	65	
24	22	23	
18	46	200	
40	33	281	
33	47	106	
33	58	1	
16	78	93	
15	64	275	
5	70	237	
23	44	18	
15	58	77	
62	36	214	
21	49	165	
29	27	84	
52	27	182	
82	10	91	
31	28	87	
5	49	269	
27	36	47	
61	25	168	
4	50	93	
33	24	96	
76	20	147	
25	64	10	
26	59	267	
33	50	11	
4	69	53	
36	42	193	
70	17	122	
42	6	37	
3	79	88	
29	29	226	
36	54	288	
87	7	264	
12	47	2	
39	54	216	
9	44	121	
65	6	41	
42	33	7	
17	32	225	
31	58	171	
54	20	145	
29	60	138	
43	44	121	
6	40	171	
28	26	110	
86	5	276	
27	71	207	
23	76	63	
19	36	294	
18	80	182	
2	68	143	
20	38	204	
12	73	55	
45	25	87	
4	77	187	
17	81	239	
80	9	189	
34	53	106	
50	8	130	
66	32	287	
56	43	198	
43	12	158	
63	7	136	
35	53	252	
7	66	125	
20	34	140	
44	15	250	
86	12	287	
88	9	288	
13	78	193	
60	25	190	
60	15	267	
41	33	257	
22	71	70	
1	58	130	
47	47	29	
45	7	292	
49	20	135	
46	13	143	
20	42	152	
37	12	143	
44	43	14	
37	62	159	
16	40	139	
49	10	19	
53	42	3	
31	39	9	
56	33	69	
52	17	102	
42	41	191	
53	5	14	
7	80	197	
30	26	89	
9	67	55	
22	28	69	
26	20	13	
22	59	132	
28	31	164	
50	40	180	
5	85	156	
72	22	38	
26	40	195	
13	80	25	
40	28	155	
14	62	168	
40	14	55	
46	53	66	
48	43	72	
74	6	89	
41	26	162	
13	42	163	
11	55	132	
63	22	161	
59	21	157	
37	42	68	
65	26	191	
20	42	175	
33	60	125	
27	54	18	
1	84	168	
35	26	32	
52	40	163	
22	52	67	
43	50	104	
26	70	65	
69	16	56	
2	60	43	
44	31	46	
2	58	113	
34	65	121	
27	72	32	
5	43	37	
14	85	120	
14	37	61	
38	35	61	
39	47	35	
41	17	4	
45	49	30	
3	73	142	
12	39	129	
38	17	10	
18	33	96	
24	59	144	
35	32	172	
74	7	140	
4	49	22	
41	9	16	
55	7	182	
2	91	119	
15	80	49	
17	65	56	
22	39	61	
16	79	175	
1	62	90	
63	28	123	
25	39	194	
41	31	108	
29	60	82	
16	79	2	
33	64	111	
36	16	31	
54	24	171	
31	39	46	
9	54	32	
17	53	135	
77	16	188	
73	9	169	
45	40	48	
37	58	29	
49	28	120	
21	66	69	
73	6	176	
60	11	163	
12	38	142	
31	28	25	
39	54	127	
19	55	113	
46	8	44	
28	63	161	
38	42	17	
29	24	40	
62	16	163	
10	63	149	
47	33	112	
42	8	161	
12	73	136	
1	72	73	
68	20	176	
7	76	149	
38	61	29	
26	21	79	
9	89	185	
20	32	93	
30	28	118	
22	49	6	
59	29	1	
36	19	21	
31	20	59	
87	11	174	
56	6	67	
53	14	130	
38	52	97	
65	9	105	
45	32	100	
71	9	25	
60	13	89	
36	47	165	
51	31	24	
16	49	94	
43	12	139	
7	46	73	
50	11	41	
18	40	143	
11	67	59	
27	56	142	
41	22	6	
52	8	41	
35	52	145	
57	20	150	
40	37	93	
73	20	106	
43	5	52	
14	38	25	
57	5	119	
34	22	52	
2	46	191	
17	67	62	
44	14	24	
60	23	83	
25	42	172	
31	44	128	
44	17	143	
56	32	87	
79	7	55	
71	11	98	
44	53	155	
19	80	189	
22	45	72	
3	85	181	
57	20	90	
52	10	116	
53	42	68	
53	10	12	
30	63	57	
36	14	73	
8	75	38	
30	18	48	
5	59	140	
33	64	192	
58	18	16	
40	17	106	
36	14	40	
17	31	96	
50	31	119	
89	8	129	
51	47	120	
27	38	164	
75	10	197	
68	21	8	
20	57	59	
10	57	69	
39	46	64	
11	71	148	
6	79	77	
15	55	175	
24	53	10	
32	39	135	
87	9	39	
4	69	148	
44	40	69	
40	56	31	
62	18	61	
75	11	135	
40	12	141	
7	43	137	
48	51	94	
70	17	195	
71	5	144	
71	23	108	
14	84	9	
84	9	146	
51	45	195	
12	68	97	
13	72	127	
9	42	26	
9	77	124	
35	59	120	
68	22	7	
48	50	112	
19	65	82	
3	76	199	
13	74	4	
52	26	51	
73	18	67	
50	30	12	
33	66	156	
69	17	73	
51	11	165	
28	57	188	
16	42	137	
49	7	60	
51	24	7	
28	18	99	
1	92	151	
18	31	10	
38	14	144	
55	8	111	
10	79	190	
20	43	177	
51	32	158	
53	13	133	
74	11	5	
46	7	164	
51	30	106	
39	17	114	
56	42	180	
20	54	143	
56	28	115	
2	51	173	
18	42	71	
55	32	81	
36	47	171	
38	24	35	
18	44	30	
60	20	77	
69	11	22	
43	34	144	
23	34	163	
22	70	60	
26	41	153	
22	70	116	
34	18	184	
7	77	88	
41	28	198	
53	35	88	
18	48	58	
30	54	42	
17	62	50	
57	17	41	
77	17	105	
24	29	190	
8	53	48	
45	48	171	
3	45	40	
22	62	126	
19	68	73	
13	40	32	
20	75	13	
25	57	129	
41	13	154	
77	7	156	
33	59	44	
31	15	197	
33	36	147	
34	18	132	
54	34	102	
25	34	34	
58	37	21	
27	53	173	
9	57	160	
65	13	178	
15	80	147	
23	76	158	
43	17	57	
19	70	51	
44	38	123	
48	16	174	
19	77	28	
6	80	174	
30	23	128	
54	31	177	
20	57	138	
78	5	128	
31	34	82	
87	8	44	
14	54	174	
18	34	198	
59	35	83	
53	28	58	
55	24	172	
44	40	75	
7	51	133	
26	63	106	
3	59	122	
27	48	32	
27	26	65	
11	49	37	
39	53	104	
37	39	156	
11	48	73	
19	79	117	
43	15	89	
54	5	193	
11	64	64	
55	20	18	
44	36	158	
49	16	80	
4	87	175	
38	49	152	
57	25	67	
52	11	168	
84	5	143	
27	58	132	
11	35	24	
47	27	131	
17	82	191	
51	13	72	
41	37	106	
65	25	3	
17	45	27	
46	10	123	
12	38	148	
69	11	189	
77	19	139	
19	66	144	
59	21	48	
22	74	172	
68	7	117	
51	31	119	
39	34	46	
52	16	152	
8	72	60	
5	68	97	
34	51	116	
40	59	33	
6	41	121	
4	84	127	
58	20	51	
12	81	65	
35	18	121	
11	58	110	
12	77	175	
68	18	68	
27	54	121	
76	15	61	
30	58	29	
3	44	116	
47	8	12	
36	61	101	
8	73	20	
31	46	127	
3	83	16	
79	19	181	
9	56	125	
17	43	140	
31	24	3	
73	12	124	
54	21	46	
10	70	68	
14	82	28	
34	17	145	
52	9	2	
23	68	102	
38	26	19	
39	42	126	
80	17	48	
10	74	110	
20	40	83	
48	27	173	
78	20	90	
30	24	163	
76	21	170	
20	45	195	
40	20	75	
4	47	41	
28	46	42	
43	50	50	
27	30	184	
20	29	109	
30	17	165	
10	50	188	
64	13	29	
52	33	6	
31	36	94	
45	19	108	
49	8	146	
3	60	87	
71	10	190	
18	56	52	
31	29	76	
11	40	92	
61	21	154	
48	30	19	
49	50	148	
4	65	79	
86	12	123	
67	28	102	
26	37	103	
52	23	63	
7	73	19	
26	51	86	
81	18	24	
14	37	62	
57	16	106	
37	16	115	
47	51	49	
21	66	52	
6	65	123	
16	54	23	
9	70	2	
48	16	178	
50	14	4	
71	26	158	
42	18	99	
46	16	137	
54	35	143	
47	26	112	
65	8	151	
13	52	51	
58	12	74	
39	23	67	
27	30	51	
34	43	34	
15	45	184	
57	31	169	
56	27	176	
31	44	198	
35	12	90	
24	33	2	
39	45	78	
11	74	177	
17	47	31	
26	62	160	
88	7	5	
38	53	54	
16	30	139	
60	30	114	
53	10	51	
16	74	16	
27	21	171	
37	27	102	
20	66	92	
51	19	49	
44	15	147	
17	50	154	
9	39	36	
58	40	152	
14	73	19	
9	82	118	
7	52	200	
29	56	73	
62	9	30	
42	54	65	
58	21	93	
57	26	46	
44	55	150	
39	36	22	
42	35	39	
44	26	104	
90	9	128	
13	41	190	
23	27	110	
42	46	190	
7	89	138	
40	14	44	
9	78	45	
32	23	154	
12	34	149	
41	48	149	
34	20	25	
43	7	32	
53	5	133	
16	53	128	
25	23	69	
38	53	40	
80	7	102	
1	56	69	
44	30	58	
6	74	64	
21	64	1	
63	35	12	
39	37	58	
55	5	59	
61	24	185	
36	48	195	
44	53	180	
47	10	89	
17	78	187	
42	40	122	
31	51	152	
1	50	145	
28	71	53	
55	24	90	
65	26	86	
11	49	68	
68	16	176	
58	18	118	
60	36	162	
49	40	127	
42	55	103	
24	26	88	
48	43	133	
78	9	133	
28	71	192	
7	78	72	
68	8	40	
58	14	182	
73	14	113	
17	72	153	
65	28	165	
53	36	18	
55	33	73	
32	54	191	
28	70	120	
86	10	16	
66	7	48	
23	27	185	
10	74	108	
39	25	186	
77	22	100	
5	45	165	
6	85	73	
33	53	111	
41	32	168	
14	79	142	
8	91	85	
44	6	158	
76	15	127	
26	55	195	
24	61	89	
22	42	46	
82	8	92	
53	9	176	
25	72	189	
56	15	144	
50	8	30	
75	24	42	
21	63	69	
55	33	5	
37	33	52	
32	59	154	
77	8	100	
60	11	97	
82	5	85	
18	28	150	
60	12	152	
64	30	47	
44	22	188	
18	80	19	
25	21	68	
8	71	19	
12	60	62	
11	87	110	
49	47	101	
5	53	84	
36	13	70	
56	33	82	
68	30	136	
66	8	177	
33	16	67	
31	19	150	
77	12	65	
27	52	176	
74	22	3	
42	20	181	
83	9	45	
10	66	49	
42	50	93	
39	22	42	
16	81	184	
28	47	143	
67	28	198	
20	31	1	
14	67	91	
28	41	81	
1	80	169	
60	31	122	
20	71	46	
24	31	86	
47	41	114	
31	45	187	
89	9	193	
14	38	129	
30	65	89	
22	27	66	
31	48	82	
33	66	198	
56	32	28	
67	30	88	
30	47	34	
36	16	149	
73	18	89	
15	80	142	
61	11	109	
80	17	108	
23	67	87	
54	25	77	
39	7	125	
62	9	40	
67	31	83	
29	49	34	
29	63	114	
9	72	195	
50	38	158	
14	84	145	
39	44	78	
15	75	138	
3	83	58	
16	54	37	
48	5	74	
63	15	177	
8	87	157	
25	28	161	
48	20	112	
9	80	157	
18	69	56	
61	20	42	
33	61	162	
35	19	22	
16	57	65	
71	24	54	
8	76	129	
50	17	91	
42	11	79	
46	6	111	
49	36	133	
51	28	193	
24	51	164	
1	62	38	
19	49	192	
4	88	45	
45	22	196	
61	18	103	
19	79	8	
41	31	24	
2	87	68	
86	7	24	
46	41	121	
34	52	52	
41	5	186	
57	35	14	
49	13	6	
28	36	197	
13	53	62	
62	16	159	
56	24	192	
31	20	89	
48	43	159	
19	34	10	
6	72	56	
58	5	30	
5	45	90	
30	22	197	
2	53	87	
56	35	92	
31	19	78	
60	28	51	
19	35	54	
1	53	141	
1	47	77	
5	59	152	
55	38	108	
39	26	178	
53	33	14	
64	15	151	
20	73	183	
54	23	154	
14	52	25	
24	31	123	
14	62	96	
11	73	66	
17	38	8	
63	22	166	
53	44	109	
35	35	2	
33	60	16	
76	9	88	
82	13	42	
37	40	162	
22	34	124	
72	24	123	
79	9	154	
77	20	188	
21	30	136	
53	19	164	
51	32	80	
27	49	73	
57	21	4	
34	38	43	
14	68	176	
13	32	169	
2	89	148	
41	23	148	
71	7	33	
64	30	80	
47	24	30	
71	6	33	
38	19	31	
22	76	46	
48	25	181	
83	16	187	
72	14	152	
26	64	138	
51	14	26	
14	46	60	
64	19	55	
63	6	42	
80	6	116	
7	83	42	
8	91	153	
72	17	180	
71	19	68	
1	98	80	
4	53	25	
52	33	142	
63	32	152	
41	33	44	
28	51	65	
31	35	62	
38	31	58	
28	25	180	
6	76	7	
64	30	43	
44	31	132	
41	43	176	
17	55	151	
4	73	137	
4	43	48	
17	79	137	
26	50	70	
71	8	90	
18	52	1	
70	13	73	
40	53	36	
64	6	73	
37	62	67	
31	27	35	
75	21	108	
48	33	5	
10	62	77	
23	60	103	
18	70	1	
73	22	75	
5	41	91	
4	57	181	
37	42	68	
36	18	99	
76	15	89	
42	9	110	
57	18	52	
36	44	55	
45	8	49	
23	41	82	
67	30	22	
67	9	191	
35	45	94	
29	22	76	
68	6	87	
45	47	159	
89	5	136	
17	41	33	
50	10	106	
80	7	194	
35	40	48	
34	29	42	
60	22	150	
62	6	186	
34	37	3	
17	79	77	
36	49	158	
35	53	17	
19	65	62	
14	43	98	
13	54	18	
52	15	37	
43	16	135	
16	71	38	
66	16	12	
86	10	49	
25	50	61	
43	45	123	
50	28	188	
10	61	136	
22	36	38	
41	36	33	
59	36	173	
32	40	45	
47	7	109	
12	54	55	
74	8	108	
70	23	57	
25	59	5	
24	50	86	
35	23	68	
6	83	15	
86	11	59	
29	63	15	
43	52	71	
72	13	13	
59	32	82	
17	44	172	
65	17	46	
60	22	182	
40	44	183	
53	20	70	
19	48	153	
28	42	118	
11	62	60	
27	33	67	
80	7	28	
25	54	165	
79	9	164	
29	48	130	
43	55	131	
35	38	84	
52	39	162	
8	82	99	
20	55	200	
27	28	105	
48	27	69	
2	85	139	
74	25	81	
29	21	64	
17	60	135	
11	46	109	
38	37	195	
56	10	112	
19	53	132	
42	13	81	
31	41	139	
28	46	176	
2	66	171	
24	72	55	
77	16	194	
40	48	38	
54	24	181	
2	58	112	
3	55	51	
86	9	126	
17	72	156	
2	78	99	
36	28	66	
22	45	32	
30	50	75	
57	31	197	
20	54	141	
59	27	63	
38	59	170	
25	24	164	
15	36	63	
17	54	38	
2	77	62	
17	60	139	
63	10	64	
9	58	172	
44	27	56	
3	44	31	
5	54	120	
7	53	64	
62	31	27	
26	31	17	
9	36	172	
2	77	9	
3	95	169	
47	43	75	
73	15	44	
20	61	164	
20	77	41	
9	42	31	
5	60	187	
14	67	78	
10	40	53	
62	35	106	
33	64	31	
27	24	150	
7	73	94	
47	38	153	
43	9	170	
36	52	27	
30	42	187	
22	29	40	
36	28	69	
77	20	130	
17	76	145	
22	68	194	
18	31	71	
24	42	10	
25	25	143	
10	45	147	
3	68	86	
35	20	151	
17	40	50	
33	43	129	
19	70	187	
57	19	131	
10	82	166	
33	63	57	
28	37	60	
23	59	170	
74	10	107	
51	10	74	
29	21	135	
49	46	135	
62	11	96	
27	48	48	
75	7	91	
25	26	146	
73	9	188	
30	38	70	
22	44	168	
60	32	128	
42	19	111	
46	15	112	
59	5	152	
63	35	83	
78	10	11	
29	17	139	
33	59	62	
80	5	121	
26	43	36	
38	41	29	
51	40	105	
13	59	58	
35	22	29	
60	26	75	
24	41	76	
92	7	121	
1	44	61	
20	50	114	
26	63	15	
8	77	108	
17	72	123	
20	69	7	
39	19	104	
37	36	119	
12	83	46	
65	33	136	
29	21	104	
19	26	123	
53	39	126	
82	14	105	
24	27	160	
2	87	19	
44	11	166	
41	33	161	
41	44	195	
55	19	156	
41	34	20	
41	6	3	
94	5	105	
43	29	38	
13	77	171	
17	73	79	
21	38	96	
21	63	57	
8	66	156	
85	14	106	
42	25	24	
65	32	133	
28	61	155	
10	60	144	
87	10	8	
17	78	109	
13	74	12	
31	68	4	
8	73	176	
35	53	36	
33	44	81	
68	13	56	
16	63	169	
2	79	127	
3	87	97	
26	67	29	
40	42	123	
53	23	33	
44	17	42	
6	71	61	
10	40	26	
59	23	30	
30	63	47	
36	61	85	
41	38	127	
66	16	60	
56	35	60	
16	29	22	
53	8	127	
36	41	107	
14	72	73	
35	25	135	
58	41	78	
9	59	106	
39	29	88	
52	8	57	
49	21	145	
58	40	147	
9	69	173	
6	93	150	
21	47	146	
8	65	21	
54	25	21	
77	22	90	
9	53	178	
38	31	34	
34	46	112	
16	83	2	
71	5	13	
29	46	17	
7	90	20	
15	37	12	
67	19	187	
79	14	23	
26	72	116	
25	60	154	
8	58	113	
81	7	11	
8	59	17	
52	47	96	
58	40	48	
50	26	3	
73	9	79	
31	41	177	
20	65	100	
51	9	161	
49	22	151	
52	14	100	
66	8	1	
30	52	82	
22	40	59	
42	17	197	
41	8	4	
23	59	112	
45	49	198	
12	42	39	
14	46	62	
22	29	182	
41	11	16	
22	63	4	
77	5	152	
7	69	36	
17	59	188	
39	22	43	
70	20	66	
19	34	164	
36	11	161	
14	67	57	
77	15	30	
65	8	151	
23	47	153	
39	35	37	
16	44	72	
55	25	69	
30	47	147	
18	46	23	
54	39	41	
61	36	32	
45	33	189	
43	30	137	
37	55	106	
35	52	111	
72	10	176	
21	57	54	
14	55	98	
23	44	72	
65	13	99	
24	60	69	
1	53	62	
89	8	194	
36	21	29	
45	23	7	
17	33	78	
46	51	185	
60	26	193	
51	47	53	
2	68	180	
64	7	151	
29	28	39	
43	51	13	
67	26	91	
34	42	49	
90	8	175	
83	11	106	
33	34	130	
69	10	133	
43	34	33	
10	46	121	
3	77	101	
42	48	76	
79	7	43	
38	38	158	
5	42	171	
52	37	31	
14	85	73	
53	7	105	
27	18	112	
13	60	118	
10	85	101	
14	52	129	
46	50	154	
61	30	173	
27	57	29	
50	19	94	
57	30	182	
7	63	178	
11	75	10	
52	5	184	
1	81	38	
19	75	63	
54	36	95	
70	28	137	
33	41	34	
22	67	15	
37	13	34	
31	40	39	
46	15	56	
57	11	16	
45	19	89	
38	22	79	
80	19	55	
1	87	62	
74	14	68	
42	57	174	
40	32	132	
67	7	69	
85	11	95	
50	16	104	
55	21	179	
45	43	114	
26	50	180	
69	30	5	
23	66	89	
45	52	21	
65	15	41	
6	53	41	
14	44	63	
47	28	92	
33	37	37	
9	74	161	
57	39	27	
31	53	199	
7	83	31	
5	46	41	
51	48	167	
40	6	73	
85	8	133	
36	51	200	
13	38	88	
37	44	177	
43	14	49	
59	36	10	
62	19	106	
42	57	122	
15	32	26	
64	9	80	
19	61	155	
41	18	164	
43	38	164	
35	12	122	
52	38	45	
75	5	174	
50	11	8	
25	70	188	
2	95	147	
4	65	128	
44	45	125	
15	63	18	
25	45	83	
39	28	84	
22	50	125	
37	20	175	
72	14	18	
2	71	120	
67	8	125	
48	17	15	
16	30	13	
71	26	41	
33	27	178	
33	43	120	
34	60	79	
14	33	85	
41	44	157	
46	50	82	
52	46	24	
15	52	151	
1	70	114	
32	56	91	
37	24	129	
39	18	7	
4	58	20	
29	40	142	
18	68	120	
62	17	185	
37	48	48	
13	37	170	
7	38	174	
39	22	168	
49	47	198	
9	53	64	
29	37	153	
35	21	99	
43	43	113	
12	49	91	
35	31	189	
25	43	113	
34	16	21	
44	10	122	
69	14	37	
12	39	6	
53	8	35	
20	77	96	
18	33	164	
18	28	159	
65	21	61	
16	36	132	
52	18	103	
68	23	38	
14	62	157	
20	30	64	
6	48	98	
30	56	158	
67	26	156	
56	33	182	
44	24	191	
34	37	130	
47	5	32	
61	17	116	
5	92	75	
20	27	139	
13	40	34	
60	11	200	
1	78	114	
5	57	145	
69	29	45	
86	9	74	
10	41	146	
62	31	166	
29	21	23	
65	14	135	
58	10	44	
83	14	18	
23	59	20	
43	39	97	
40	11	194	
79	18	168	
48	49	44	
44	35	133	
69	24	24	
16	59	29	
11	67	13	
21	49	95	
85	5	153	
60	39	19	
21	52	75	
31	38	120	
15	61	176	
47	5	108	
54	20	17	
19	41	71	
31	64	167	
47	18	160	
87	6	135	
24	65	197	
7	69	121	
37	62	57	
45	24	5	
33	39	14	
60	15	35	
46	8	196	
56	6	118	
57	41	163	
60	12	18	
50	26	24	
41	58	14	
22	40	75	
51	18	79	
38	44	195	
5	41	194	
21	65	5	
7	89	142	
27	28	142	
71	21	31	
90	7	125	
28	45	149	
47	8	12	
46	38	149	
8	80	89	
1	81	26	
26	41	118	
21	76	63	
40	21	82	
20	55	98	
54	38	166	
57	5	112	
56	31	87	
10	49	50	
11	34	168	
8	64	181	
39	21	23	
7	68	41	
16	73	132	
83	9	198	
4	92	31	
25	32	13	
17	57	13	
7	88	148	
61	22	117	
15	44	85	
46	49	93	
5	68	124	
38	24	51	
9	48	17	
53	22	36	
50	13	106	
47	40	120	
19	61	148	
7	52	146	
36	47	105	
76	23	184	
7	79	186	
50	5	180	
12	71	109	
40	11	57	
52	30	4	
39	47	30	
24	36	151	
31	20	15	
49	26	72	
89	10	63	
28	33	148	
43	49	96	
33	56	52	
36	18	187	
58	24	166	
8	38	29	
61	33	176	
90	9	17	
35	51	34	
34	41	148	
23	73	187	
19	64	55	
41	30	95	
12	68	111	
27	63	188	
13	65	128	
22	34	138	
37	9	2	
81	18	97	
42	26	171	
12	45	51	
16	43	126	
71	17	50	
60	18	189	
54	39	67	
22	60	153	
24	43	189	
11	81	30	
9	86	136	
64	24	154	
46	37	76	
12	68	4	
64	13	192	
7	58	154	
23	23	144	
65	18	195	
10	50	23	
48	44	101	
1	97	113	
8	37	55	
74	15	83	
26	59	134	
39	59	16	
15	84	69	
12	47	145	
56	6	64	
32	18	32	
52	20	9	
41	17	155	
6	46	50	
65	33	179	
3	93	182	
43	23	32	
38	34	200	
89	9	111	
41	36	87	
32	21	116	
42	17	22	
36	45	118	
56	24	151	
53	38	159	
30	38	4	
64	31	103	
33	48	60	
6	75	107	
14	84	174	
23	55	88	
49	19	6	
79	6	171	
55	36	179	
60	37	171	
29	38	94	
8	54	128	
16	76	180	
27	38	168	
36	52	50	
48	33	146	
26	26	36	
72	26	68	
87	12	30	
31	40	184	
66	33	18	
54	10	105	
35	31	194	
47	48	100	
27	39	187	
66	21	175	
10	82	162	
47	12	91	
2	66	29	
33	32	78	
11	55	111	
37	42	93	
10	64	3	
46	52	89	
40	9	182	
15	66	57	
59	20	102	
7	87	146	
7	73	21	
51	25	47	
18	60	198	
69	8	10	
16	43	13	
72	9	83	
74	14	196	
75	9	150	
7	41	142	
16	54	104	
13	85	33	
64	15	142	
40	36	191	
31	31	192	
2	64	82	
57	30	120	
12	87	68	
1	66	64	
3	50	11	
49	16	107	
43	8	129	
12	83	129	
20	78	151	
41	36	165	
39	46	193	
12	77	187	
40	33	172	
71	9	162	
1	85	25	
23	53	109	
13	81	3	
55	38	78	
55	27	101	
20	68	140	
31	49	31	
36	31	87	
34	43	138	
37	13	18	
25	26	120	
31	16	166	
2	97	76	
29	45	54	
47	19	2	
33	59	86	
37	58	41	
21	62	127	
51	22	43	
11	69	1	
35	41	68	
41	38	123	
61	28	30	
40	20	109	
69	7	185	
6	45	158	
61	17	151	
61	27	111	
58	13	136	
23	47	42	
7	50	112	
15	59	146	
19	37	97	
71	15	113	
58	29	7	
58	41	29	
44	39	190	
18	74	140	
8	56	82	
86	9	109	
13	32	134	
19	41	128	
90	9	66	
64	23	163	
48	40	139	
72	15	77	
8	68	60	
16	40	50	
13	48	191	
66	25	187	
65	20	36	
84	15	18	
46	39	187	
6	66	59	
29	40	92	
85	13	155	
18	27	40	
25	49	131	
6	77	2	
18	65	47	
7	59	84	
24	71	160	
45	37	170	
34	20	41	
18	39	44	
27	62	27	
70	9	5	
68	31	44	
22	38	150	
18	80	54	
61	13	120	
12	35	58	
42	49	127	
46	20	130	
72	15	39	
23	34	92	
31	54	186	
37	20	126	
9	70	152	
35	40	83	
1	44	196	
55	30	36	
8	45	48	
77	17	178	
46	37	164	
43	25	3	
69	15	157	
46	21	18	
35	53	64	
20	35	76	
71	14	84	
29	28	39	
10	84	8	
10	73	79	
42	31	190	
38	13	107	
37	26	127	
69	28	187	
3	80	72	
22	64	57	
49	33	42	
14	40	86	
14	34	161	
12	55	68	
81	5	130	
36	47	171	
28	71	121	
6	78	163	
15	60	33	
57	25	97	
24	41	170	
3	75	106	
31	34	138	
17	43	53	
11	46	82	
71	22	125	
20	42	70	
35	56	126	
39	56	11	
8	71	5	
59	14	60	
30	15	73	
12	76	113	
76	7	3	
20	48	145	
69	18	196	
53	25	137	
60	30	110	
22	44	41	
4	49	96	
41	12	16	
19	73	79	
8	75	153	
22	26	25	
58	31	117	
67	5	96	
1	48	77	
41	40	170	
33	64	17	
27	59	139	
40	49	81	
60	39	158	
84	9	189	
24	42	75	
32	56	154	
58	17	115	
44	24	35	
74	10	191	
26	44	104	
35	33	141	
18	63	78	
1	82	198	
29	63	120	
28	36	19	
80	10	41	
7	82	151	
58	33	78	
19	56	109	
42	47	143	
31	27	194	
82	9	90	
15	37	193	
15	73	141	
31	23	147	
31	44	124	
17	72	169	
35	47	40	
11	39	82	
16	63	156	
3	75	64	
24	22	179	
19	64	165	
10	61	4	
21	33	54	
60	20	49	
17	34	153	
32	49	190	
26	29	197	
15	36	42	
25	58	35	
22	53	82	
37	26	24	
5	44	79	
30	60	33	
56	26	127	
12	62	41	
58	8	130	
37	8	88	
51	11	96	
71	14	130	
35	60	74	
20	32	160	
65	7	86	
52	25	112	
36	39	142	
60	11	194	
22	30	186	
23	70	199	
63	15	114	
2	48	117	
43	11	57	
14	36	184	
4	69	96	
8	38	8	
17	69	121	
24	38	67	
17	45	163	
22	76	177	
53	12	68	
22	65	190	
14	33	109	
26	34	2	
81	12	21	
52	29	39	
32	24	10	
46	14	128	
28	63	132	
18	39	155	
8	74	165	
2	45	112	
42	10	78	
43	33	97	
88	7	135	
4	70	60	
39	51	16	
51	15	30	
31	40	165	
77	18	166	
39	45	154	
54	27	24	
31	26	95	
77	21	122	
30	51	124	
48	37	8	
30	59	99	
68	24	14	
54	42	8	
20	26	64	
38	56	177	
29	40	197	
6	83	77	
1	94	81	
77	14	32	
33	61	73	
3	50	170	
58	12	165	
71	7	119	
9	57	132	
29	22	32	
49	41	21	
4	95	81	
59	16	140	
9	73	161	
42	11	116	
8	46	39	
66	22	199	
19	37	127	
28	45	61	
36	35	62	
26	69	94	
11	76	68	
67	10	110	
22	44	64	
19	57	61	
22	58	66	
58	33	18	
14	55	38	
14	41	71	
33	34	91	
37	43	135	
34	59	28	
13	34	179	
73	10	162	
20	37	70	
13	55	62	
4	88	68	
23	28	104	
38	49	12	
9	67	101	
62	22	37	
23	58	148	
2	62	63	
21	24	97	
10	53	192	
33	15	44	
7	85	6	
87	11	44	
54	6	100	
80	7	89	
16	53	153	
32	25	62	
12	46	1	
79	12	143	
54	6	42	
27	58	189	
11	63	34	
9	39	4	
28	57	19	
29	52	152	
14	54	123	
31	16	23	
17	57	98	
10	43	86	
1	89	51	
46	53	167	
63	35	42	
36	42	58	
57	17	16	
15	82	23	
33	46	19	
4	41	56	
19	69	195	
39	7	136	
31	19	23	
38	19	24	
5	83	135	
13	39	132	
60	31	21	
45	29	43	
54	6	161	
5	40	14	
55	6	80	
58	8	26	
46	47	163	
47	43	156	
25	33	11	
58	21	157	
50	15	48	
12	75	149	
37	15	38	
54	6	115	
45	51	17	
19	62	169	
40	52	8	
37	50	153	
3	89	131	
30	62	170	
26	38	156	
11	52	110	
52	7	147	
45	39	8	
11	56	119	
59	38	23	
83	16	10	
52	42	90	
10	65	73	
39	56	181	
64	8	165	
9	69	137	
45	54	36	
20	29	121	
42	39	17	
90	7	30	
54	38	78	
61	29	67	
18	36	177	
27	56	98	
53	19	170	
3	62	197	
39	19	143	
16	81	149	
42	31	91	
5	90	34	
25	59	196	
46	34	92	
18	44	25	
29	36	131	
76	15	159	
29	49	89	
38	51	56	
80	18	82	
29	32	87	
19	26	60	
20	38	54	
25	23	104	
39	15	36	
48	41	143	
19	33	111	
3	71	96	
32	30	178	
1	47	124	
54	30	6	
63	24	37	
5	72	14	
5	54	89	
65	14	41	
20	77	105	
63	20	190	
49	23	24	
4	49	24	
18	61	4	
42	56	175	
41	13	39	
56	31	32	
27	31	111	
10	39	95	
87	9	87	
8	58	86	
12	37	111	
34	58	168	
13	72	64	
50	16	99	
17	53	19	
3	91	72	
13	68	106	
11	53	100	
46	53	171	
31	20	197	
58	33	34	
37	37	26	
13	75	49	
20	76	138	
74	5	96	
33	40	103	
28	42	43	
54	20	118	
20	65	40	
64	35	64	
14	74	135	
54	31	132	
39	18	185	
10	72	70	
9	81	182	
57	5	104	
35	64	120	
52	38	104	
5	78	59	
21	28	180	
36	42	93	
15	67	93	
34	47	93	
5	83	105	
87	7	60	
45	14	138	
36	9	140	
10	46	21	
41	32	30	
40	41	193	
19	66	22	
12	86	26	
77	5	54	
39	27	200	
42	8	136	
56	9	126	
70	6	192	
58	20	98	
47	27	173	
14	85	166	
57	22	134	
25	34	55	
4	94	135	
66	31	125	
39	18	1	
34	38	89	
7	78	51	
5	88	40	
44	29	197	
60	32	186	
44	36	81	
30	38	198	
12	46	156	
55	40	44	
43	40	32	
15	75	97	
55	42	177	
6	68	114	
29	37	57	
44	35	12	
54	29	33	
13	39	128	
25	45	139	
46	17	13	
3	80	49	
76	18	49	
34	12	41	
73	9	5	
26	69	159	
70	21	8	
49	45	139	
87	10	172	
35	11	133	
23	59	179	
11	69	74	
46	46	192	
8	58	14	
47	35	125	
49	14	21	
67	31	150	
50	5	68	
22	33	153	
35	13	168	
12	64	49	
54	37	152	
74	13	112	
22	54	35	
10	87	136	
19	30	91	
51	17	61	
84	13	78	
42	9	11	
4	92	95	
16	32	19	
4	54	171	
11	50	101	
42	49	69	
55	8	163	
90	5	68	
16	68	65	
18	35	171	
20	70	177	
1	68	122	
43	31	45	
59	39	81	
4	87	28	
42	8	10	
44	38	189	
25	37	18	
12	72	178	
8	76	76	
89	9	183	
62	20	99	
36	38	110	
31	31	61	
29	31	174	
11	34	194	
38	49	185	
5	59	183	
55	12	160	
40	38	69	
29	53	133	
37	10	90	
20	69	79	
11	80	19	
5	90	126	
1	97	109	
25	62	24	
39	45	60	
55	12	79	
37	14	51	
18	27	173	
15	65	163	
13	80	197	
27	26	34	
70	29	75	
77	22	61	
1	87	71	
7	50	32	
8	76	27	
21	56	84	
53	31	178	
27	72	84	
28	17	88	
4	65	185	
7	41	73	
1	44	36	
47	31	76	
54	32	49	
1	65	92	
21	44	86	
19	72	94	
20	26	197	
35	43	17	
4	88	171	
8	88	163	
19	34	119	
30	36	119	
22	37	87	
44	20	121	
63	11	76	
28	23	40	
34	20	154	
27	56	177	
5	67	156	
27	37	120	
6	45	38	
3	78	71	
33	48	2	
86	9	45	
88	8	68	
17	48	189	
18	81	129	
5	85	74	
1	52	156	
8	85	30	
40	53	171	
27	30	123	
81	10	167	
35	36	165	
28	60	104	
25	38	152	
20	79	189	
15	41	121	
51	20	107	
8	57	73	
35	38	174	
31	26	71	
41	30	80	
29	17	98	
28	55	173	
9	54	4	
63	33	175	
45	16	100	
47	27	28	
16	83	60	
64	5	48	
30	68	24	
44	10	124	
36	29	199	
4	63	57	
53	17	135	
53	31	119	
58	12	76	
44	23	126	
54	40	35	
2	66	83	
40	11	36	
19	59	161	
27	18	112	
65	21	58	
34	14	153	
13	62	188	
22	71	103	
8	47	110	
47	8	197	
85	7	7	
19	41	135	
44	23	46	
16	65	19	
4	54	12	
11	83	118	
4	55	197	
26	51	125	
62	21	30	
72	16	146	
55	15	130	
43	17	36	
47	40	182	
39	30	156	
20	27	15	
81	8	91	
40	14	49	
19	67	111	
33	43	64	
9	42	110	
93	5	37	
28	22	22	
54	23	40	
40	13	168	
42	7	76	
58	9	67	
14	54	165	
38	31	60	
48	46	95	
25	33	156	
21	52	104	
12	52	73	
10	49	159	
24	60	87	
72	24	7	
55	10	30	
54	43	126	
66	17	185	
37	43	98	
79	6	145	
37	43	187	
17	29	197	
55	16	20	
4	77	94	
50	18	87	
8	83	124	
19	40	168	
1	74	1	
46	27	194	
53	46	66	
53	33	198	
38	26	132	
31	28	164	
20	73	7	
10	43	175	
83	13	152	
63	17	149	
26	38	78	
47	16	1	
59	14	27	
60	33	164	
63	10	146	
12	84	104	
25	31	129	
4	63	37	
25	30	122	
10	57	3	
3	67	104	
15	41	194	
51	7	34	
51	21	61	
36	9	103	
50	30	13	
88	6	135	
42	9	191	
2	79	75	
57	34	72	
85	8	130	
19	58	140	
32	36	161	
7	38	123	
31	28	134	
30	69	15	
7	68	116	
52	31	156	
23	24	82	
31	46	53	
86	11	137	
52	30	99	
62	15	47	
28	71	129	
15	77	183	
23	48	26	
42	36	184	
61	28	170	
61	19	93	
40	29	15	
11	42	46	
25	49	151	
48	37	23	
65	11	94	
70	10	88	
24	23	125	
17	79	86	
29	29	152	
2	89	81	
10	70	10	
40	11	41	
73	16	150	
2	72	11	
58	9	64	
41	35	34	
3	44	8	
20	48	30	
29	40	8	
14	65	82	
63	11	23	
17	68	67	
86	11	173	
5	89	85	
48	14	67	
40	39	112	
34	57	3	
21	59	112	
34	36	35	
64	16	66	
19	48	13	
42	8	32	
54	11	65	
19	41	18	
27	68	168	
45	9	174	
32	20	33	
4	95	7	
34	39	106	
44	20	164	
28	61	146	
33	24	94	
2	68	65	
35	16	120	
35	33	25	
11	48	163	
20	26	113	
1	66	126	
7	91	140	
26	34	5	
51	24	24	
44	36	176	
44	12	53	
34	62	31	
87	10	101	
13	79	182	
13	61	52	
27	59	36	
11	58	22	
21	36	25	
1	98	72	
23	33	182	
22	59	105	
21	56	184	
12	72	25	
55	18	96	
30	50	124	
11	53	185	
49	15	161	
27	59	71	
16	58	180	
73	19	138	
14	59	149	
1	92	131	
7	83	162	
5	75	98	
43	28	66	
55	5	150	
45	44	42	
34	29	143	
45	41	65	
10	62	181	
73	22	98	
37	46	127	
71	15	15	
25	58	74	
53	31	79	
88	10	32	
69	28	179	
61	32	104	
49	32	21	
36	12	92	
44	40	105	
46	39	120	
60	19	163	
48	5	111	
25	69	111	
5	80	169	
36	42	49	
10	56	21	
32	17	64	
21	40	124	
50	39	2	
42	46	13	
60	39	90	
64	23	38	
43	50	165	
75	22	144	
42	38	35	
73	23	70	
55	41	28	
11	76	110	
37	49	94	
11	47	16	
44	49	130	
80	9	141	
42	30	116	
16	29	200	
41	15	27	
5	92	135	
32	14	29	
52	31	22	
42	37	39	
25	63	105	
35	44	106	
50	43	98	
36	46	121	
32	61	140	
42	8	30	
3	61	51	
7	67	112	
74	6	119	
4	59	36	
64	15	143	
19	47	119	
37	14	10	
7	64	188	
5	43	154	
33	14	87	
39	35	177	
39	22	101	
35	19	173	
25	56	24	
49	44	159	
64	31	46	
18	81	116	
9	58	40	
20	76	104	
64	29	18	
15	59	131	
3	55	194	
15	81	130	
82	7	38	
16	54	148	
5	55	14	
5	78	190	
17	71	1	
35	64	22	
33	49	178	
66	24	29	
7	41	62	
34	65	170	
61	7	160	
18	75	105	
23	31	196	
11	79	94	
12	71	196	
9	69	78	
37	15	48	
29	56	101	
20	79	50	
51	26	36	
42	28	65	
42	17	10	
74	19	185	
27	60	72	
4	59	63	
28	62	168	
88	7	182	
3	56	125	
2	48	167	
59	36	119	
26	48	122	
7	81	18	
35	51	61	
41	50	146	
29	38	72	
32	22	54	
4	83	172	
6	50	133	
14	41	43	
20	51	18	
51	40	153	
80	18	172	
45	26	147	
6	59	196	
70	22	195	
9	84	188	
43	39	85	
12	74	111	
10	76	4	
16	81	181	
38	15	149	
72	9	152	
56	10	78	
74	19	45	
31	22	172	
60	38	141	
23	53	173	
38	36	183	
39	10	126	
6	49	154	
35	14	122	
42	18	176	
46	33	134	
48	31	147	
40	52	104	
35	53	161	
3	81	167	
82	8	13	
37	36	13	
26	57	134	
72	27	21	
75	21	104	
49	44	125	
27	45	196	
3	50	163	
5	91	69	
20	65	134	
29	48	9	
19	37	82	
35	58	25	
8	50	61	
19	58	131	
10	74	200	
32	62	96	
20	43	49	
27	31	169	
18	73	38	
17	64	149	
63	11	142	
55	41	194	
20	50	110	
84	12	109	
78	21	183	
54	45	118	
31	48	81	
6	62	174	
59	40	63	
7	83	166	
91	7	141	
7	47	120	
88	5	154	
56	7	183	
80	10	125	
34	45	143	
6	81	114	
47	23	42	
18	32	68	
32	15	166	
51	48	31	
5	49	55	
30	22	154	
59	39	173	
42	52	96	
23	34	140	
72	22	40	
38	56	81	
18	53	119	
21	69	14	
53	21	85	
16	72	153	
48	50	119	
7	60	69	
29	49	174	
58	29	40	
51	8	153	
14	40	145	
56	16	155	
17	38	19	
26	21	140	
46	37	71	
29	60	37	
44	38	126	
14	76	52	
12	51	120	
21	51	117	
5	68	141	
72	21	127	
10	66	183	
33	40	48	
22	29	29	
52	22	1	
47	30	175	
65	21	152	
48	17	152	
2	91	65	
52	23	66	
38	27	105	
16	30	28	
11	51	127	
15	52	143	
50	49	17	
25	45	87	
47	48	183	
7	46	7	
46	41	50	
54	21	138	
66	12	153	
15	64	103	
59	39	124	
22	23	114	
77	8	70	
68	26	189	
69	28	151	
63	18	127	
22	74	171	
20	48	18	
69	5	195	
8	40	67	
53	26	6	
71	11	182	
28	55	118	
36	32	108	
13	62	95	
8	52	189	
81	13	56	
59	33	60	
65	28	124	
18	66	163	
31	29	157	
82	15	73	
57	29	50	
75	9	187	
19	29	145	
20	36	133	
53	39	149	
2	78	130	
70	10	173	
13	47	37	
3	92	133	
5	57	82	
46	29	62	
39	9	14	
30	30	49	
30	26	139	
6	69	60	
32	14	190	
5	45	176	
26	39	103	
32	13	42	
44	46	67	
14	76	154	
3	51	20	
73	15	147	
27	51	27	
49	33	49	
60	20	66	
21	63	11	
33	20	150	
50	30	168	
28	45	193	
44	16	27	
63	15	135	
5	71	163	
11	39	171	
51	22	5	
58	22	10	
25	73	31	
18	51	97	
24	50	185	
27	22	86	
34	34	183	
24	27	118	
63	7	19	
71	24	55	
63	23	58	
13	85	28	
57	41	131	
55	23	46	
11	37	142	
60	36	109	
72	20	74	
9	76	114	
53	42	72	
6	48	136	
11	70	32	
28	25	82	
50	31	88	
64	15	146	
45	52	164	
3	91	108	
50	45	2	
17	81	93	
35	30	132	
11	67	163	
10	36	83	
11	39	155	
60	7	108	
72	17	73	
29	55	139	
23	67	139	
75	20	93	
76	8	22	
56	9	18	
91	8	135	
30	46	87	
19	43	135	
34	16	164	
6	92	172	
5	54	180	
36	35	192	
1	81	20	
16	69	131	
53	37	169	
61	11	112	
68	13	147	
30	45	157	
23	70	75	
44	44	149	
66	32	89	
46	38	65	
23	33	65	
70	6	14	
8	49	27	
25	61	81	
34	28	56	
39	36	183	
21	64	157	
56	17	117	
23	58	45	
24	73	57	
56	12	69	
85	7	130	
61	37	55	
42	53	188	
5	55	121	
26	31	47	
91	6	20	
34	19	35	
41	8	41	
1	58	66	
78	11	43	
31	26	42	
36	25	144	
23	51	29	
35	35	19	
29	27	199	
37	31	49	
79	9	131	
62	33	43	
23	29	7	
44	24	111	
25	27	105	
65	27	109	
77	19	114	
39	58	54	
39	29	165	
55	21	97	
74	21	62	
62	29	151	
21	71	63	
23	69	42	
12	42	5	
25	28	87	
10	54	44	
50	23	141	
31	33	127	
60	9	81	
46	35	73	
7	82	163	
6	43	124	
87	12	83	
27	26	14	
12	60	124	
46	34	194	
80	17	97	
49	26	66	
17	38	173	
35	40	198	
37	23	171	
33	44	99	
21	77	91	
52	46	39	
63	29	15	
11	85	67	
39	17	55	
26	38	17	
7	84	181	
74	6	161	
19	74	150	
25	38	99	
66	10	188	
41	49	121	
94	5	69	
38	61	50	
11	73	184	
40	44	164	
6	87	167	
43	45	128	
14	60	30	
14	41	140	
43	50	117	
48	5	115	
33	55	84	
75	11	61	
75	11	191	
4	66	199	
39	55	156	
32	17	58	
30	32	195	
78	12	62	
75	22	80	
22	26	2	
61	18	121	
10	52	185	
18	27	102	
78	11	158	
17	64	16	
23	67	80	
47	19	104	
64	27	46	
47	34	13	
1	57	143	
31	58	124	
27	50	48	
40	14	159	
24	62	179	
47	42	1	
69	27	174	
44	14	127	
44	41	171	
64	19	14	
42	51	75	
8	74	37	
52	7	135	
83	7	63	
19	48	50	
17	52	80	
33	61	106	
74	20	152	
53	39	82	
21	42	194	
23	33	63	
25	23	85	
6	49	189	
29	38	53	
20	56	88	
19	59	99	
4	93	141	
6	44	46	
23	53	186	
24	24	141	
31	39	147	
24	28	119	
48	33	123	
37	23	69	
10	88	73	
50	45	146	
79	8	169	
72	10	90	
69	30	134	
26	38	26	
24	72	27	
88	8	135	
31	58	198	
40	17	106	
17	82	7	
9	62	144	
25	26	21	
34	48	175	
59	35	56	
3	59	5	
53	23	76	
59	14	173	
34	35	135	
35	27	38	
58	33	88	
59	9	94	
37	51	132	
38	29	115	
93	5	144	
15	82	121	
35	59	70	
55	34	92	
29	27	137	
24	64	57	
74	5	10	
68	25	155	
22	36	142	
32	62	125	
20	33	148	
6	66	103	
35	10	138	
24	27	134	
37	25	23	
68	27	77	
18	53	121	
31	37	12	
38	29	51	
42	13	169	
79	15	172	
6	92	61	
43	30	99	
15	32	88	
70	14	121	
35	64	161	
33	49	79	
37	9	197	
69	28	189	
40	57	112	
38	46	195	
14	85	32	
29	58	149	
42	53	19	
36	42	67	
64	7	79	
28	53	101	
38	37	147	
2	53	153	
20	38	41	
26	21	137	
56	14	130	
17	50	72	
67	25	115	
61	33	132	
26	20	157	
74	20	160	
32	59	26	
45	5	187	
13	38	107	
58	25	111	
13	81	132	
4	88	153	
61	10	160	
43	28	163	
16	82	53	
34	12	66	
53	8	96	
5	66	77	
3	72	22	
38	54	4	
74	23	21	
1	67	47	
22	74	144	
3	77	44	
36	62	154	
44	36	28	
20	78	111	
29	32	177	
53	24	34	
45	6	17	
72	18	158	
69	27	192	
38	16	178	
10	38	45	
32	63	139	
24	59	55	
16	74	41	
23	34	50	
68	8	125	
70	8	69	
27	30	16	
23	37	29	
2	68	106	
12	36	141	
21	64	156	
44	14	161	
52	42	44	
43	13	42	
37	29	32	
9	65	159	
27	34	155	
64	17	71	
43	20	184	
34	46	148	
36	12	106	
52	29	93	
55	31	90	
57	41	66	
43	7	199	
26	21	200	
5	85	112	
68	31	24	
40	14	38	
44	14	117	
42	17	184	
56	25	54	
72	9	61	
2	80	151	
29	16	1	
14	78	121	
17	69	183	
86	13	192	
56	34	170	
56	15	5	
2	85	123	
87	11	184	
19	29	186	
54	21	71	
2	48	166	
46	18	33	
37	48	14	
15	34	190	
13	74	92	
46	23	35	
11	86	127	
17	58	111	
55	31	12	
39	37	80	
35	49	104	
14	60	195	
35	59	112	
50	38	14	
86	11	185	
31	21	133	
66	7	38	
3	67	95	
56	17	42	
13	65	11	
34	37	148	
22	60	126	
33	26	67	
55	30	129	
2	59	167	
56	41	82	
56	35	111	
69	29	123	
37	29	92	
17	59	179	
20	41	53	
42	57	125	
25	31	26	
7	59	8	
36	12	118	
45	48	3	
30	47	55	
44	5	35	
26	22	94	
6	58	94	
33	49	114	
9	62	17	
23	49	79	
21	64	110	
8	78	108	
6	44	80	
69	16	194	
63	29	35	
15	54	14	
75	18	155	
48	42	135	
26	36	172	
11	68	83	
6	45	109	
9	66	121	
29	34	65	
38	57	49	
10	89	12	
12	51	151	
20	48	52	
15	51	48	
76	19	94	
22	44	14	
20	66	63	
50	36	92	
20	28	39	
31	55	13	
70	12	46	
91	8	99	
33	66	191	
42	22	193	
19	55	44	
18	72	57	
58	16	31	
60	31	59	
4	49	63	
4	77	49	
30	52	132	
20	73	29	
43	9	152	
23	37	95	
53	19	150	
45	17	131	
6	55	13	
8	57	42	
52	19	82	
61	27	187	
59	21	96	
42	45	60	
20	68	50	
69	6	1	
84	13	125	
73	18	153	
61	26	91	
55	22	177	
52	11	29	
27	20	14	
4	44	122	
52	31	59	
50	45	112	
39	41	46	
36	17	40	
39	47	48	
27	59	165	
42	50	163	
39	8	151	
79	10	47	
20	68	38	
47	20	20	
65	6	200	
39	33	173	
38	41	181	
42	26	193	
53	43	10	
14	51	24	
13	58	123	
11	73	32	
45	7	181	
19	66	58	
41	28	189	
41	55	155	
42	53	167	
42	21	74	
5	40	74	
22	44	166	
14	35	9	
52	25	34	
24	62	99	
47	39	74	
23	64	72	
67	11	58	
74	13	25	
71	6	50	
34	25	144	
18	54	178	
9	46	49	
43	24	31	
76	22	86	
69	14	25	
55	29	19	
63	7	156	
67	8	39	
48	12	28	
44	49	179	
7	42	199	
13	37	30	
5	76	86	
26	26	29	
32	60	188	
53	36	125	
